Format,1.0B,
Memory Length,10000,Memory Length,10000,
IntpDistance,0,IntpDistance,0,
Trigger Address,2799,Trigger Address,2799,
Trigger Level,2.720E-01,Trigger Level,2.720E-01,
Source,CH1,Source,CH2,
Vertical Units,V,Vertical Units,V,
Vertical Units Div,0,Vertical Units Div,0,
Vertical Units Extend Div,16,Vertical Units Extend Div,16,
Label,,Label,,
Probe Type,0,Probe Type,0,
Probe Ratio,1.000e+00,Probe Ratio,1.000e+00,
Vertical Scale,1.000e-01,Vertical Scale,2.000e+00,
Vertical Position,0.000e+00,Vertical Position,0.000e+00,
Horizontal Units,S,Horizontal Units,S,
Horizontal Scale,5.000E-05,Horizontal Scale,5.000E-05,
Horizontal Position,1.100E-04,Horizontal Position,1.100E-04,
Horizontal Mode,Main,Horizontal Mode,Main,
SincET Mode,Real Time,SincET Mode,Real Time,
Sampling Period,5.000e-08,Sampling Period,5.000e-08,
Horizontal Old Scale,5.000E-05,Horizontal Old Scale,5.000E-05,
Horizontal Old Position,1.100E-04,Horizontal Old Position,1.100E-04,
Firmware,V1.32,Firmware,V1.32,
Mode,Fast,Mode,Fast,
Waveform Data,,Waveform Data,,
0, ,-20, ,
0, ,-20, ,
0, ,-20, ,
0, ,-20, ,
0, ,-20, ,
-1, ,-20, ,
0, ,-20, ,
-1, ,-20, ,
0, ,-20, ,
-1, ,-20, ,
0, ,-20, ,
0, ,-20, ,
0, ,-20, ,
0, ,-20, ,
-1, ,-20, ,
-1, ,-20, ,
0, ,-20, ,
0, ,-20, ,
0, ,-20, ,
-1, ,-20, ,
-1, ,-20, ,
0, ,-20, ,
-1, ,-20, ,
0, ,-20, ,
0, ,-20, ,
-1, ,-20, ,
-1, ,-20, ,
0, ,-20, ,
0, ,-20, ,
-1, ,-20, ,
0, ,-20, ,
-1, ,-20, ,
0, ,-20, ,
0, ,-20, ,
0, ,-20, ,
0, ,-20, ,
0, ,-20, ,
0, ,-20, ,
0, ,-20, ,
-1, ,-20, ,
-1, ,-20, ,
-1, ,-20, ,
-1, ,-20, ,
-1, ,-20, ,
-1, ,-20, ,
0, ,-20, ,
-1, ,-20, ,
0, ,-20, ,
0, ,-20, ,
0, ,-20, ,
-1, ,-20, ,
0, ,-20, ,
0, ,-20, ,
0, ,-20, ,
-1, ,-20, ,
-1, ,-20, ,
-1, ,-20, ,
0, ,-20, ,
0, ,-20, ,
-1, ,-20, ,
0, ,-20, ,
0, ,-20, ,
-1, ,-20, ,
0, ,-20, ,
0, ,-20, ,
-1, ,-20, ,
-1, ,-20, ,
-1, ,-20, ,
-1, ,-20, ,
-1, ,-20, ,
-1, ,-20, ,
-1, ,-20, ,
0, ,-20, ,
0, ,-20, ,
0, ,-20, ,
-1, ,-20, ,
-1, ,-20, ,
0, ,-20, ,
0, ,-20, ,
0, ,-20, ,
-1, ,-20, ,
0, ,-20, ,
-1, ,-20, ,
-1, ,-20, ,
-1, ,-20, ,
-1, ,-20, ,
-1, ,-20, ,
-1, ,-20, ,
-1, ,-20, ,
-1, ,-20, ,
0, ,-20, ,
0, ,-20, ,
0, ,-20, ,
0, ,-20, ,
0, ,-20, ,
0, ,-20, ,
0, ,-20, ,
0, ,-20, ,
0, ,-20, ,
0, ,-20, ,
0, ,-20, ,
-1, ,-20, ,
-1, ,-20, ,
0, ,-20, ,
0, ,-20, ,
0, ,-20, ,
-1, ,-20, ,
-1, ,-20, ,
-1, ,-20, ,
0, ,-20, ,
0, ,-20, ,
0, ,-20, ,
-1, ,-20, ,
0, ,-20, ,
0, ,-20, ,
0, ,-20, ,
-1, ,-20, ,
-1, ,-20, ,
-1, ,-20, ,
0, ,-20, ,
0, ,-20, ,
-1, ,-20, ,
-1, ,-20, ,
-1, ,-20, ,
-1, ,-20, ,
0, ,-20, ,
0, ,-20, ,
0, ,-20, ,
-1, ,-20, ,
-1, ,-20, ,
-1, ,-20, ,
0, ,-20, ,
0, ,-20, ,
-1, ,-20, ,
-1, ,-20, ,
0, ,-20, ,
-1, ,-20, ,
-1, ,-20, ,
-1, ,-20, ,
0, ,-20, ,
0, ,-20, ,
0, ,-20, ,
0, ,-20, ,
0, ,-20, ,
0, ,-20, ,
0, ,-20, ,
0, ,-20, ,
-1, ,-20, ,
-1, ,-20, ,
0, ,-20, ,
-1, ,-20, ,
-1, ,-20, ,
0, ,-20, ,
0, ,-20, ,
0, ,-20, ,
0, ,-20, ,
-1, ,-20, ,
-1, ,-20, ,
-1, ,-20, ,
-1, ,-20, ,
0, ,-20, ,
0, ,-20, ,
-1, ,-20, ,
-1, ,-20, ,
0, ,-20, ,
0, ,-20, ,
0, ,-20, ,
0, ,-20, ,
0, ,-20, ,
0, ,-20, ,
-1, ,-20, ,
-1, ,-20, ,
-1, ,-20, ,
0, ,-20, ,
0, ,-20, ,
0, ,-20, ,
0, ,-19, ,
0, ,-20, ,
-1, ,-20, ,
-1, ,-20, ,
0, ,-20, ,
0, ,-20, ,
0, ,-20, ,
0, ,-20, ,
0, ,-20, ,
-1, ,-20, ,
-1, ,-20, ,
0, ,-20, ,
0, ,-20, ,
0, ,-20, ,
0, ,-20, ,
-1, ,-20, ,
-1, ,-20, ,
-1, ,-20, ,
-1, ,-20, ,
0, ,-20, ,
0, ,-20, ,
0, ,-20, ,
0, ,-20, ,
0, ,-20, ,
-1, ,-20, ,
0, ,-20, ,
-1, ,-20, ,
0, ,-20, ,
0, ,-20, ,
0, ,-20, ,
-1, ,-20, ,
-1, ,-20, ,
-1, ,-19, ,
0, ,-20, ,
-1, ,-20, ,
0, ,-20, ,
-1, ,-20, ,
-1, ,-20, ,
0, ,-20, ,
-1, ,-20, ,
-1, ,-20, ,
-1, ,-20, ,
-1, ,-20, ,
-1, ,-20, ,
0, ,-20, ,
0, ,-20, ,
-1, ,-20, ,
-1, ,-20, ,
0, ,-20, ,
0, ,-20, ,
0, ,-20, ,
0, ,-20, ,
-1, ,-20, ,
-1, ,-20, ,
-1, ,-20, ,
-1, ,-20, ,
-1, ,-20, ,
0, ,-20, ,
0, ,-20, ,
-1, ,-20, ,
-1, ,-20, ,
-1, ,-20, ,
-1, ,-20, ,
-1, ,-20, ,
0, ,-20, ,
0, ,-20, ,
0, ,-20, ,
-1, ,-20, ,
0, ,-20, ,
0, ,-20, ,
-1, ,-20, ,
-1, ,-20, ,
-1, ,-20, ,
-1, ,-20, ,
-1, ,-20, ,
-1, ,-20, ,
0, ,-20, ,
-1, ,-20, ,
-1, ,-20, ,
-1, ,-20, ,
0, ,-20, ,
-1, ,-20, ,
0, ,-20, ,
-1, ,-20, ,
0, ,-20, ,
0, ,-20, ,
0, ,-20, ,
0, ,-20, ,
0, ,-20, ,
0, ,-20, ,
0, ,-20, ,
0, ,-20, ,
0, ,-20, ,
0, ,-20, ,
0, ,-20, ,
-1, ,-20, ,
-1, ,-20, ,
0, ,-20, ,
0, ,-20, ,
-1, ,-20, ,
0, ,-20, ,
0, ,-20, ,
0, ,-20, ,
0, ,-20, ,
-1, ,-19, ,
0, ,-20, ,
0, ,-20, ,
0, ,-20, ,
-1, ,-20, ,
-1, ,-20, ,
0, ,-20, ,
-1, ,-20, ,
0, ,-20, ,
0, ,-20, ,
-1, ,-20, ,
0, ,-20, ,
0, ,-20, ,
0, ,-20, ,
0, ,-20, ,
0, ,-20, ,
0, ,-20, ,
0, ,-20, ,
-1, ,-20, ,
-1, ,-20, ,
-1, ,-20, ,
0, ,-20, ,
-1, ,-20, ,
-1, ,-20, ,
-1, ,-20, ,
0, ,-20, ,
0, ,-20, ,
0, ,-20, ,
-1, ,-20, ,
0, ,-20, ,
-1, ,-20, ,
-1, ,-20, ,
-1, ,-19, ,
-1, ,-20, ,
-1, ,-20, ,
0, ,-20, ,
0, ,-20, ,
0, ,-20, ,
-1, ,-20, ,
-1, ,-20, ,
0, ,-20, ,
-1, ,-20, ,
-1, ,-20, ,
-1, ,-20, ,
0, ,-20, ,
0, ,-20, ,
0, ,-20, ,
0, ,-19, ,
0, ,-19, ,
-1, ,-20, ,
-1, ,-20, ,
-1, ,-20, ,
-1, ,-19, ,
-1, ,-20, ,
-1, ,-20, ,
0, ,-20, ,
0, ,-20, ,
0, ,-20, ,
0, ,-20, ,
0, ,-20, ,
-1, ,-20, ,
-1, ,-20, ,
-1, ,-20, ,
-1, ,-20, ,
0, ,-19, ,
0, ,-20, ,
0, ,-20, ,
-1, ,-20, ,
-1, ,-20, ,
0, ,-20, ,
0, ,-20, ,
-1, ,-19, ,
-1, ,-20, ,
-1, ,-20, ,
-1, ,-20, ,
0, ,-20, ,
0, ,-20, ,
0, ,-20, ,
0, ,-20, ,
-1, ,-20, ,
-1, ,-20, ,
0, ,-20, ,
0, ,-20, ,
0, ,-20, ,
-1, ,-20, ,
-1, ,-20, ,
-1, ,-20, ,
-1, ,-20, ,
-1, ,-20, ,
0, ,-20, ,
-1, ,-20, ,
0, ,-20, ,
-1, ,-19, ,
0, ,-20, ,
0, ,-20, ,
0, ,-20, ,
0, ,-20, ,
0, ,-20, ,
0, ,-20, ,
-1, ,-20, ,
-1, ,-20, ,
0, ,-20, ,
-1, ,-20, ,
0, ,-20, ,
0, ,-20, ,
0, ,-20, ,
-1, ,-20, ,
0, ,-20, ,
0, ,-20, ,
-1, ,-20, ,
0, ,-20, ,
-1, ,-20, ,
0, ,-19, ,
0, ,-20, ,
-1, ,-20, ,
0, ,-20, ,
-1, ,-20, ,
-1, ,-20, ,
-1, ,-20, ,
0, ,-20, ,
-1, ,-20, ,
-1, ,-20, ,
0, ,-20, ,
0, ,-20, ,
0, ,-20, ,
0, ,-20, ,
0, ,-20, ,
-1, ,-20, ,
-1, ,-20, ,
-1, ,-20, ,
-1, ,-20, ,
-1, ,-20, ,
0, ,-20, ,
-1, ,-19, ,
-1, ,-20, ,
0, ,-20, ,
-1, ,-20, ,
0, ,-20, ,
-1, ,-20, ,
0, ,-20, ,
0, ,-20, ,
-1, ,-20, ,
-1, ,-20, ,
-1, ,-20, ,
-1, ,-20, ,
-1, ,-20, ,
-1, ,-20, ,
-1, ,-20, ,
0, ,-20, ,
0, ,-20, ,
0, ,-20, ,
0, ,-20, ,
0, ,-20, ,
-1, ,-20, ,
0, ,-20, ,
0, ,-20, ,
0, ,-20, ,
-1, ,-20, ,
0, ,-20, ,
-1, ,-20, ,
0, ,-20, ,
0, ,-20, ,
0, ,-20, ,
0, ,-20, ,
0, ,-20, ,
-1, ,-20, ,
0, ,-20, ,
-1, ,-20, ,
0, ,-20, ,
0, ,-20, ,
0, ,-20, ,
0, ,-20, ,
-1, ,-20, ,
0, ,-20, ,
0, ,-20, ,
0, ,-20, ,
-1, ,-20, ,
-1, ,-20, ,
0, ,-20, ,
-1, ,-20, ,
0, ,-20, ,
0, ,-20, ,
-1, ,-20, ,
0, ,-20, ,
0, ,-20, ,
0, ,-20, ,
-1, ,-20, ,
-1, ,-20, ,
0, ,-20, ,
-1, ,-20, ,
0, ,-20, ,
0, ,-20, ,
0, ,-20, ,
0, ,-20, ,
-1, ,-20, ,
-1, ,-20, ,
-1, ,-20, ,
0, ,-20, ,
0, ,-20, ,
0, ,-20, ,
0, ,-20, ,
-1, ,-20, ,
-1, ,-20, ,
-1, ,-20, ,
0, ,-19, ,
0, ,-20, ,
-1, ,-20, ,
-1, ,-20, ,
-1, ,-20, ,
-1, ,-20, ,
-1, ,-20, ,
0, ,-20, ,
-1, ,-20, ,
-1, ,-20, ,
-1, ,-20, ,
0, ,-20, ,
0, ,-20, ,
0, ,-20, ,
-1, ,-20, ,
-1, ,-20, ,
0, ,-20, ,
0, ,-20, ,
0, ,-20, ,
0, ,-20, ,
0, ,-20, ,
-1, ,-20, ,
-1, ,-20, ,
0, ,-20, ,
-1, ,-20, ,
0, ,-20, ,
-1, ,-19, ,
-1, ,-20, ,
0, ,-20, ,
0, ,-20, ,
0, ,-20, ,
-1, ,-20, ,
0, ,-20, ,
0, ,-20, ,
0, ,-20, ,
0, ,-20, ,
0, ,-19, ,
0, ,-20, ,
0, ,-20, ,
0, ,-20, ,
0, ,-20, ,
-1, ,-20, ,
-1, ,-20, ,
0, ,-19, ,
0, ,-19, ,
-1, ,-20, ,
-1, ,-20, ,
-1, ,-20, ,
-1, ,-20, ,
-1, ,-20, ,
-1, ,-20, ,
0, ,-20, ,
0, ,-19, ,
0, ,-20, ,
0, ,-20, ,
-1, ,-20, ,
-1, ,-20, ,
-1, ,-20, ,
-1, ,-20, ,
0, ,-19, ,
0, ,-20, ,
0, ,-20, ,
0, ,-20, ,
0, ,-20, ,
0, ,-19, ,
-1, ,-20, ,
-1, ,-20, ,
0, ,-19, ,
-1, ,-20, ,
-1, ,-20, ,
-1, ,-20, ,
0, ,-20, ,
0, ,-20, ,
0, ,-20, ,
0, ,-20, ,
0, ,-19, ,
0, ,-20, ,
0, ,-20, ,
-1, ,-20, ,
-1, ,-20, ,
-1, ,-20, ,
-1, ,-20, ,
-1, ,-20, ,
-1, ,-20, ,
0, ,-20, ,
0, ,-20, ,
0, ,-20, ,
0, ,-20, ,
0, ,-20, ,
0, ,-20, ,
-1, ,-20, ,
-1, ,-20, ,
-1, ,-20, ,
-1, ,-20, ,
0, ,-20, ,
0, ,-20, ,
0, ,-20, ,
0, ,-20, ,
0, ,-20, ,
0, ,-19, ,
-1, ,-20, ,
0, ,-20, ,
-1, ,-20, ,
-1, ,-20, ,
-1, ,-20, ,
-1, ,-20, ,
-1, ,-20, ,
-1, ,-19, ,
0, ,-20, ,
-1, ,-20, ,
-1, ,-20, ,
-1, ,-20, ,
0, ,-20, ,
0, ,-20, ,
0, ,-20, ,
0, ,-20, ,
0, ,-20, ,
-1, ,-20, ,
-1, ,-20, ,
0, ,-20, ,
0, ,-20, ,
0, ,-20, ,
-1, ,-20, ,
-1, ,-20, ,
-1, ,-20, ,
-1, ,-20, ,
0, ,-20, ,
0, ,-20, ,
-1, ,-20, ,
-1, ,-20, ,
-1, ,-20, ,
-1, ,-20, ,
0, ,-20, ,
0, ,-20, ,
0, ,-20, ,
0, ,-20, ,
0, ,-20, ,
-1, ,-20, ,
-1, ,-20, ,
-1, ,-20, ,
0, ,-20, ,
0, ,-20, ,
-1, ,-20, ,
-1, ,-20, ,
-1, ,-20, ,
-1, ,-20, ,
0, ,-20, ,
0, ,-19, ,
-1, ,-20, ,
0, ,-20, ,
0, ,-20, ,
-1, ,-20, ,
0, ,-20, ,
-1, ,-20, ,
-1, ,-20, ,
0, ,-19, ,
0, ,-20, ,
0, ,-20, ,
-1, ,-20, ,
-1, ,-20, ,
0, ,-20, ,
0, ,-20, ,
-1, ,-20, ,
0, ,-20, ,
-1, ,-20, ,
-1, ,-20, ,
-1, ,-20, ,
0, ,-20, ,
0, ,-20, ,
0, ,-20, ,
0, ,-20, ,
0, ,-20, ,
0, ,-20, ,
0, ,-20, ,
-1, ,-20, ,
-1, ,-20, ,
-1, ,-20, ,
0, ,-20, ,
0, ,-20, ,
0, ,-20, ,
-1, ,-20, ,
-1, ,-20, ,
-1, ,-20, ,
-1, ,-20, ,
-1, ,-20, ,
0, ,-20, ,
-1, ,-20, ,
-1, ,-20, ,
0, ,-20, ,
0, ,-20, ,
0, ,-20, ,
0, ,-20, ,
-1, ,-20, ,
-1, ,-20, ,
-1, ,-20, ,
0, ,-20, ,
-1, ,-20, ,
0, ,-20, ,
0, ,-20, ,
-1, ,-20, ,
-1, ,-20, ,
-1, ,-20, ,
-1, ,-20, ,
0, ,-20, ,
0, ,-20, ,
-1, ,-20, ,
-1, ,-20, ,
-1, ,-20, ,
0, ,-20, ,
0, ,-20, ,
0, ,-20, ,
0, ,-20, ,
-1, ,-20, ,
0, ,-20, ,
-1, ,-20, ,
0, ,-20, ,
-1, ,-20, ,
-1, ,-20, ,
0, ,-20, ,
0, ,-19, ,
0, ,-20, ,
0, ,-20, ,
-1, ,-20, ,
0, ,-20, ,
-1, ,-20, ,
0, ,-20, ,
-1, ,-20, ,
0, ,-19, ,
-1, ,-19, ,
0, ,-20, ,
0, ,-20, ,
0, ,-20, ,
-1, ,-20, ,
-1, ,-20, ,
0, ,-20, ,
-1, ,-19, ,
0, ,-20, ,
0, ,-20, ,
0, ,-20, ,
0, ,-20, ,
0, ,-20, ,
0, ,-20, ,
-1, ,-20, ,
-1, ,-19, ,
0, ,-20, ,
0, ,-20, ,
0, ,-20, ,
-1, ,-20, ,
-1, ,-20, ,
-1, ,-20, ,
-1, ,-20, ,
-1, ,-20, ,
0, ,-19, ,
0, ,-20, ,
0, ,-20, ,
0, ,-20, ,
0, ,-20, ,
-1, ,-20, ,
-1, ,-20, ,
-1, ,-20, ,
-1, ,-20, ,
-1, ,-20, ,
0, ,-20, ,
0, ,-20, ,
0, ,-20, ,
-1, ,-20, ,
-1, ,-20, ,
-1, ,-20, ,
-1, ,-20, ,
-1, ,-20, ,
-1, ,-20, ,
-1, ,-20, ,
0, ,-19, ,
0, ,-20, ,
0, ,-20, ,
0, ,-20, ,
0, ,-20, ,
0, ,-20, ,
-1, ,-19, ,
0, ,-20, ,
0, ,-20, ,
0, ,-20, ,
-1, ,-20, ,
-1, ,-20, ,
0, ,-19, ,
0, ,-20, ,
0, ,-20, ,
0, ,-20, ,
-1, ,-20, ,
-1, ,-20, ,
-1, ,-20, ,
0, ,-20, ,
0, ,-20, ,
0, ,-20, ,
-1, ,-20, ,
0, ,-20, ,
0, ,-20, ,
0, ,-20, ,
0, ,-20, ,
-1, ,-19, ,
0, ,-20, ,
-1, ,-20, ,
0, ,-20, ,
0, ,-20, ,
0, ,-20, ,
-1, ,-20, ,
-1, ,-20, ,
-1, ,-20, ,
-1, ,-20, ,
-1, ,-20, ,
-1, ,-20, ,
-1, ,-20, ,
-1, ,-20, ,
0, ,-20, ,
0, ,-20, ,
0, ,-20, ,
0, ,-19, ,
-1, ,-20, ,
-1, ,-19, ,
-1, ,-19, ,
-1, ,-20, ,
0, ,-20, ,
0, ,-20, ,
0, ,-19, ,
0, ,-20, ,
0, ,-20, ,
-1, ,-20, ,
0, ,-20, ,
0, ,-20, ,
0, ,-20, ,
-1, ,-20, ,
-1, ,-20, ,
0, ,-20, ,
0, ,-20, ,
-1, ,-20, ,
-1, ,-20, ,
-1, ,-20, ,
0, ,-20, ,
0, ,-20, ,
0, ,-20, ,
0, ,-20, ,
-1, ,-20, ,
-1, ,-20, ,
-1, ,-20, ,
0, ,-20, ,
0, ,-20, ,
0, ,-20, ,
0, ,-20, ,
-1, ,-20, ,
0, ,-19, ,
0, ,-20, ,
-1, ,-20, ,
0, ,-20, ,
0, ,-20, ,
0, ,-20, ,
-1, ,-20, ,
-1, ,-20, ,
-1, ,-20, ,
-1, ,-20, ,
-1, ,-20, ,
0, ,-20, ,
0, ,-20, ,
0, ,-20, ,
0, ,-20, ,
0, ,-20, ,
0, ,-20, ,
-1, ,-20, ,
0, ,-20, ,
-1, ,-20, ,
0, ,-20, ,
-1, ,-20, ,
0, ,-20, ,
0, ,-20, ,
0, ,-20, ,
0, ,-20, ,
0, ,-20, ,
0, ,-20, ,
0, ,-20, ,
-1, ,-19, ,
-1, ,-20, ,
-1, ,-20, ,
0, ,-20, ,
0, ,-19, ,
0, ,-20, ,
0, ,-20, ,
0, ,-20, ,
-1, ,-20, ,
0, ,-20, ,
-1, ,-20, ,
-1, ,-20, ,
-1, ,-20, ,
-1, ,-19, ,
0, ,-19, ,
0, ,-20, ,
0, ,-20, ,
0, ,-20, ,
0, ,-20, ,
-1, ,-20, ,
-1, ,-20, ,
0, ,-20, ,
0, ,-20, ,
0, ,-20, ,
-1, ,-20, ,
0, ,-19, ,
-1, ,-20, ,
-1, ,-20, ,
-1, ,-20, ,
0, ,-20, ,
0, ,-20, ,
0, ,-20, ,
0, ,-20, ,
0, ,-19, ,
0, ,-20, ,
0, ,-20, ,
0, ,-20, ,
0, ,-20, ,
-1, ,-20, ,
0, ,-20, ,
-1, ,-20, ,
-1, ,-20, ,
0, ,-20, ,
0, ,-20, ,
-1, ,-20, ,
0, ,-20, ,
0, ,-20, ,
-1, ,-20, ,
0, ,-20, ,
0, ,-20, ,
0, ,-20, ,
-1, ,-20, ,
0, ,-20, ,
0, ,-20, ,
0, ,-20, ,
0, ,-20, ,
-1, ,-20, ,
0, ,-20, ,
0, ,-20, ,
0, ,-20, ,
-1, ,-20, ,
-1, ,-20, ,
-1, ,-20, ,
-1, ,-20, ,
0, ,-20, ,
-1, ,-20, ,
0, ,-20, ,
-1, ,-20, ,
-1, ,-20, ,
-1, ,-20, ,
0, ,-20, ,
-1, ,-20, ,
-1, ,-20, ,
-1, ,-20, ,
-1, ,-20, ,
-1, ,-19, ,
-1, ,-20, ,
-1, ,-20, ,
-1, ,-20, ,
0, ,-20, ,
0, ,-20, ,
0, ,-20, ,
-1, ,-20, ,
-1, ,-20, ,
-1, ,-20, ,
0, ,-20, ,
-1, ,-20, ,
0, ,-20, ,
-1, ,-20, ,
-1, ,-20, ,
-1, ,-19, ,
0, ,-20, ,
0, ,-20, ,
0, ,-19, ,
0, ,-20, ,
0, ,-20, ,
0, ,-20, ,
-1, ,-19, ,
-1, ,-20, ,
-1, ,-20, ,
-1, ,-20, ,
0, ,-20, ,
0, ,-20, ,
-1, ,-20, ,
0, ,-20, ,
0, ,-20, ,
0, ,-20, ,
-1, ,-20, ,
-1, ,-20, ,
0, ,-20, ,
-1, ,-20, ,
-1, ,-20, ,
-1, ,-20, ,
-1, ,-20, ,
0, ,-20, ,
0, ,-20, ,
0, ,-20, ,
0, ,-20, ,
0, ,-20, ,
-1, ,-20, ,
-1, ,-20, ,
-1, ,-19, ,
-1, ,-20, ,
0, ,-20, ,
0, ,-20, ,
0, ,-20, ,
0, ,-20, ,
-1, ,-20, ,
-1, ,-20, ,
-1, ,-20, ,
0, ,-20, ,
0, ,-20, ,
0, ,-20, ,
0, ,-19, ,
-1, ,-20, ,
0, ,-20, ,
-1, ,-20, ,
-1, ,-20, ,
0, ,-20, ,
0, ,-20, ,
0, ,-20, ,
0, ,-20, ,
0, ,-20, ,
0, ,-20, ,
0, ,-20, ,
-1, ,-20, ,
0, ,-19, ,
0, ,-20, ,
-1, ,-20, ,
-1, ,-20, ,
0, ,-20, ,
-1, ,-20, ,
-1, ,-20, ,
-1, ,-20, ,
-1, ,-20, ,
-1, ,-20, ,
-1, ,-20, ,
-1, ,-20, ,
-1, ,-20, ,
-1, ,-20, ,
0, ,-20, ,
-1, ,-19, ,
0, ,-20, ,
0, ,-20, ,
0, ,-20, ,
0, ,-20, ,
0, ,-20, ,
-1, ,-20, ,
-1, ,-20, ,
-1, ,-20, ,
-1, ,-20, ,
0, ,-20, ,
0, ,-20, ,
0, ,-20, ,
0, ,-20, ,
-1, ,-20, ,
-1, ,-20, ,
-1, ,-20, ,
0, ,-20, ,
0, ,-20, ,
-1, ,-20, ,
0, ,-20, ,
0, ,-20, ,
0, ,-20, ,
-1, ,-20, ,
0, ,-20, ,
-1, ,-20, ,
0, ,-20, ,
-1, ,-20, ,
0, ,-20, ,
0, ,-20, ,
0, ,-20, ,
-1, ,-20, ,
0, ,-20, ,
-1, ,-20, ,
-1, ,-20, ,
-1, ,-20, ,
-1, ,-20, ,
0, ,-20, ,
0, ,-20, ,
-1, ,-20, ,
0, ,-20, ,
0, ,-20, ,
-1, ,-20, ,
-1, ,-20, ,
-1, ,-20, ,
-1, ,-20, ,
0, ,-20, ,
-1, ,-20, ,
0, ,-20, ,
0, ,-20, ,
0, ,-20, ,
-1, ,-20, ,
-1, ,-20, ,
-1, ,-20, ,
-1, ,-20, ,
0, ,-19, ,
0, ,-20, ,
0, ,-20, ,
0, ,-20, ,
0, ,-20, ,
-1, ,-19, ,
-1, ,-20, ,
0, ,-20, ,
0, ,-20, ,
0, ,-20, ,
0, ,-20, ,
0, ,-20, ,
-1, ,-20, ,
-1, ,-20, ,
-1, ,-20, ,
-1, ,-20, ,
-1, ,-20, ,
-1, ,-20, ,
-1, ,-20, ,
0, ,-20, ,
0, ,-20, ,
-1, ,-20, ,
0, ,-20, ,
-1, ,-20, ,
-1, ,-20, ,
0, ,-19, ,
0, ,-20, ,
0, ,-20, ,
-1, ,-20, ,
0, ,-20, ,
-1, ,-20, ,
0, ,-20, ,
-1, ,-20, ,
0, ,-20, ,
0, ,-20, ,
0, ,-20, ,
-1, ,-20, ,
-1, ,-20, ,
0, ,-19, ,
-1, ,-20, ,
0, ,-20, ,
-1, ,-19, ,
-1, ,-20, ,
0, ,-20, ,
0, ,-20, ,
-1, ,-20, ,
0, ,-20, ,
0, ,-20, ,
0, ,-20, ,
-1, ,-20, ,
-1, ,-19, ,
0, ,-20, ,
-1, ,-20, ,
0, ,-20, ,
-1, ,-20, ,
0, ,-20, ,
-1, ,-20, ,
0, ,-20, ,
0, ,-20, ,
0, ,-20, ,
-1, ,-20, ,
-1, ,-20, ,
-1, ,-20, ,
-1, ,-20, ,
-1, ,-20, ,
-1, ,-20, ,
0, ,-20, ,
0, ,-20, ,
0, ,-19, ,
0, ,-20, ,
0, ,-20, ,
0, ,-20, ,
-1, ,-20, ,
-1, ,-20, ,
0, ,-20, ,
0, ,-20, ,
0, ,-20, ,
0, ,-20, ,
-1, ,-20, ,
-1, ,-20, ,
-1, ,-20, ,
0, ,-20, ,
-1, ,-20, ,
0, ,-20, ,
-1, ,-20, ,
-1, ,-20, ,
-1, ,-20, ,
-1, ,-20, ,
0, ,-20, ,
0, ,-19, ,
0, ,-19, ,
0, ,-20, ,
-1, ,-20, ,
0, ,-20, ,
0, ,-20, ,
0, ,-20, ,
-1, ,-20, ,
-1, ,-20, ,
-1, ,-20, ,
-1, ,-20, ,
-1, ,-20, ,
-1, ,-20, ,
-1, ,-20, ,
-1, ,-20, ,
0, ,-20, ,
-1, ,-20, ,
-1, ,-19, ,
-1, ,-20, ,
-1, ,-20, ,
-1, ,-20, ,
0, ,-20, ,
0, ,-20, ,
-1, ,-20, ,
0, ,-20, ,
-1, ,-19, ,
0, ,-20, ,
-1, ,-20, ,
0, ,-20, ,
0, ,-19, ,
-1, ,-20, ,
0, ,-20, ,
0, ,-20, ,
-1, ,-20, ,
0, ,-20, ,
-1, ,-20, ,
0, ,-20, ,
0, ,-20, ,
0, ,-20, ,
-1, ,-20, ,
-1, ,-20, ,
0, ,-20, ,
0, ,-19, ,
0, ,-20, ,
0, ,-20, ,
-1, ,-20, ,
-1, ,-20, ,
0, ,-20, ,
-1, ,-20, ,
-1, ,-19, ,
0, ,-20, ,
0, ,-20, ,
0, ,-20, ,
0, ,-20, ,
-1, ,-20, ,
-1, ,-20, ,
0, ,-20, ,
0, ,-20, ,
0, ,-20, ,
-1, ,-20, ,
0, ,-19, ,
-1, ,-20, ,
-1, ,-20, ,
-1, ,-20, ,
0, ,-19, ,
0, ,-20, ,
-1, ,-20, ,
-1, ,-20, ,
-1, ,-20, ,
0, ,-19, ,
0, ,-20, ,
0, ,-20, ,
0, ,-19, ,
0, ,-19, ,
0, ,-20, ,
-1, ,-20, ,
-1, ,-20, ,
0, ,-20, ,
0, ,-20, ,
0, ,-20, ,
0, ,-20, ,
-1, ,-20, ,
-1, ,-20, ,
0, ,-20, ,
-1, ,-20, ,
0, ,-20, ,
0, ,-20, ,
-1, ,-20, ,
-1, ,-20, ,
-1, ,-20, ,
-1, ,-20, ,
-1, ,-20, ,
-1, ,-20, ,
0, ,-20, ,
0, ,-20, ,
0, ,-20, ,
0, ,-20, ,
-1, ,-20, ,
-1, ,-20, ,
-1, ,-20, ,
-1, ,-20, ,
0, ,-20, ,
0, ,-20, ,
0, ,-20, ,
0, ,-20, ,
0, ,-20, ,
0, ,-20, ,
0, ,-20, ,
0, ,-20, ,
-1, ,-20, ,
-1, ,-20, ,
-1, ,-20, ,
-1, ,-20, ,
-1, ,-20, ,
0, ,-20, ,
0, ,-20, ,
-1, ,-20, ,
-1, ,-20, ,
-1, ,-20, ,
-1, ,-20, ,
0, ,-20, ,
0, ,-20, ,
-1, ,-20, ,
-1, ,-20, ,
-1, ,-20, ,
-1, ,-20, ,
0, ,-20, ,
0, ,-20, ,
0, ,-20, ,
0, ,-20, ,
0, ,-20, ,
0, ,-20, ,
0, ,-20, ,
0, ,-20, ,
0, ,-20, ,
-1, ,-20, ,
-1, ,-20, ,
-1, ,-20, ,
-1, ,-20, ,
-1, ,-20, ,
0, ,-20, ,
0, ,-20, ,
0, ,-20, ,
-1, ,-20, ,
-1, ,-19, ,
0, ,-20, ,
-1, ,-20, ,
-1, ,-20, ,
0, ,-20, ,
0, ,-20, ,
0, ,-20, ,
0, ,-20, ,
0, ,-20, ,
-1, ,-20, ,
-1, ,-20, ,
-1, ,-20, ,
-1, ,-20, ,
-1, ,-20, ,
0, ,-20, ,
-1, ,-20, ,
0, ,-20, ,
-1, ,-20, ,
0, ,-20, ,
0, ,-20, ,
0, ,-20, ,
-1, ,-20, ,
0, ,-20, ,
-1, ,-20, ,
-1, ,-20, ,
0, ,-20, ,
0, ,-20, ,
0, ,-20, ,
-1, ,-20, ,
0, ,-20, ,
-1, ,-20, ,
-1, ,-20, ,
-1, ,-20, ,
-1, ,-19, ,
0, ,-20, ,
0, ,-20, ,
0, ,-20, ,
-1, ,-20, ,
-1, ,-20, ,
-1, ,-20, ,
-1, ,-20, ,
-1, ,-20, ,
0, ,-20, ,
0, ,-20, ,
0, ,-20, ,
0, ,-20, ,
0, ,-20, ,
-1, ,-20, ,
0, ,-20, ,
-1, ,-20, ,
-1, ,-20, ,
-1, ,-20, ,
-1, ,-20, ,
-1, ,-20, ,
0, ,-20, ,
-1, ,-20, ,
-1, ,-20, ,
-1, ,-20, ,
0, ,-20, ,
0, ,-20, ,
0, ,-20, ,
0, ,-20, ,
0, ,-20, ,
-1, ,-20, ,
-1, ,-20, ,
0, ,-20, ,
-1, ,-20, ,
0, ,-20, ,
0, ,-20, ,
-1, ,-20, ,
-1, ,-20, ,
-1, ,-20, ,
-1, ,-19, ,
-1, ,-20, ,
-1, ,-20, ,
0, ,-20, ,
0, ,-20, ,
0, ,-20, ,
0, ,-20, ,
-1, ,-20, ,
0, ,-20, ,
0, ,-20, ,
-1, ,-20, ,
-1, ,-20, ,
-1, ,-20, ,
-1, ,-20, ,
0, ,-20, ,
-1, ,-20, ,
0, ,-20, ,
0, ,-19, ,
0, ,-20, ,
-1, ,-20, ,
-1, ,-20, ,
-1, ,-20, ,
-1, ,-20, ,
-1, ,-20, ,
0, ,-20, ,
0, ,-20, ,
0, ,-20, ,
-1, ,-20, ,
-1, ,-20, ,
0, ,-20, ,
0, ,-20, ,
-1, ,-20, ,
-1, ,-20, ,
-1, ,-20, ,
0, ,-20, ,
-1, ,-20, ,
0, ,-20, ,
0, ,-20, ,
0, ,-20, ,
0, ,-20, ,
0, ,-20, ,
0, ,-20, ,
-1, ,-20, ,
0, ,-20, ,
-1, ,-20, ,
-1, ,-20, ,
-1, ,-20, ,
-1, ,-20, ,
-1, ,-20, ,
0, ,-20, ,
-1, ,-20, ,
-1, ,-20, ,
-1, ,-20, ,
-1, ,-20, ,
0, ,-20, ,
-1, ,-20, ,
0, ,-20, ,
0, ,-20, ,
-1, ,-20, ,
0, ,-20, ,
0, ,-20, ,
0, ,-20, ,
0, ,-20, ,
0, ,-20, ,
0, ,-19, ,
0, ,-20, ,
0, ,-20, ,
-1, ,-20, ,
-1, ,-20, ,
-1, ,-20, ,
0, ,-20, ,
0, ,-20, ,
0, ,-19, ,
0, ,-20, ,
0, ,-20, ,
0, ,-20, ,
-1, ,-20, ,
-1, ,-20, ,
-1, ,-20, ,
-1, ,-20, ,
0, ,-20, ,
0, ,-20, ,
0, ,-19, ,
0, ,-20, ,
-1, ,-20, ,
-1, ,-20, ,
-1, ,-20, ,
-1, ,-20, ,
-1, ,-20, ,
0, ,-20, ,
-1, ,-20, ,
0, ,-20, ,
0, ,-20, ,
0, ,-20, ,
0, ,-20, ,
-1, ,-20, ,
-1, ,-20, ,
-1, ,-20, ,
-1, ,-20, ,
-1, ,-20, ,
-1, ,-20, ,
0, ,-20, ,
0, ,-20, ,
-1, ,-20, ,
-1, ,-20, ,
-1, ,-20, ,
-1, ,-19, ,
-1, ,-20, ,
-1, ,-20, ,
0, ,-20, ,
0, ,-20, ,
0, ,-20, ,
-1, ,-20, ,
-1, ,-20, ,
-1, ,-20, ,
-1, ,-20, ,
0, ,-20, ,
0, ,-20, ,
0, ,-20, ,
-1, ,-20, ,
-1, ,-20, ,
0, ,-20, ,
0, ,-20, ,
0, ,-20, ,
-1, ,-20, ,
-1, ,-20, ,
-1, ,-20, ,
0, ,-20, ,
-1, ,-20, ,
0, ,-20, ,
-1, ,-20, ,
0, ,-20, ,
-1, ,-20, ,
0, ,-20, ,
0, ,-20, ,
-1, ,-20, ,
-1, ,-20, ,
-1, ,-20, ,
-1, ,-20, ,
0, ,-20, ,
0, ,-20, ,
-1, ,-20, ,
-1, ,-20, ,
-1, ,-20, ,
-1, ,-19, ,
0, ,-20, ,
-1, ,-20, ,
0, ,-20, ,
0, ,-20, ,
-1, ,-20, ,
0, ,-20, ,
0, ,-20, ,
0, ,-20, ,
-1, ,-20, ,
0, ,-20, ,
-1, ,-20, ,
-1, ,-20, ,
0, ,-20, ,
0, ,-20, ,
0, ,-20, ,
-1, ,-20, ,
0, ,-20, ,
-1, ,-20, ,
-1, ,-20, ,
-1, ,-20, ,
0, ,-20, ,
0, ,-20, ,
0, ,-20, ,
0, ,-20, ,
-1, ,-20, ,
-1, ,-20, ,
-1, ,-20, ,
-1, ,-20, ,
0, ,-20, ,
0, ,-20, ,
0, ,-20, ,
-1, ,-20, ,
-1, ,-20, ,
0, ,-20, ,
0, ,-20, ,
0, ,-20, ,
-1, ,-20, ,
-1, ,-20, ,
-1, ,-20, ,
-1, ,-20, ,
-1, ,-20, ,
0, ,-20, ,
0, ,-20, ,
0, ,-20, ,
-1, ,-20, ,
-1, ,-20, ,
0, ,-20, ,
0, ,-20, ,
0, ,-20, ,
-1, ,-20, ,
-1, ,-20, ,
-1, ,-20, ,
-1, ,-20, ,
0, ,-20, ,
-1, ,-20, ,
0, ,-20, ,
-1, ,-19, ,
-1, ,-20, ,
0, ,-20, ,
-1, ,-20, ,
0, ,-20, ,
-1, ,-20, ,
-1, ,-20, ,
-1, ,-19, ,
-1, ,-20, ,
-1, ,-19, ,
0, ,-20, ,
0, ,-20, ,
0, ,-20, ,
0, ,-20, ,
-1, ,-20, ,
0, ,-20, ,
0, ,-20, ,
0, ,-20, ,
-1, ,-20, ,
-1, ,-20, ,
0, ,-20, ,
0, ,-20, ,
0, ,-20, ,
-1, ,-19, ,
-1, ,-20, ,
-1, ,-20, ,
-1, ,-20, ,
-1, ,-20, ,
0, ,-20, ,
0, ,-20, ,
0, ,-20, ,
0, ,-20, ,
0, ,-20, ,
-1, ,-20, ,
0, ,-20, ,
0, ,-20, ,
0, ,-19, ,
-1, ,-20, ,
-1, ,-20, ,
-1, ,-20, ,
-1, ,-20, ,
-1, ,-20, ,
0, ,-20, ,
0, ,-20, ,
0, ,-20, ,
0, ,-20, ,
-1, ,-20, ,
-1, ,-20, ,
-1, ,-20, ,
-1, ,-20, ,
-1, ,-20, ,
-1, ,-20, ,
-1, ,-20, ,
-1, ,-20, ,
0, ,-20, ,
0, ,-20, ,
0, ,-20, ,
-1, ,-20, ,
0, ,-20, ,
0, ,-20, ,
0, ,-20, ,
-1, ,-20, ,
-1, ,-20, ,
-1, ,-19, ,
-1, ,-20, ,
-1, ,-20, ,
0, ,-20, ,
0, ,-20, ,
-1, ,-20, ,
0, ,-20, ,
0, ,-20, ,
-1, ,-20, ,
-1, ,-20, ,
0, ,-20, ,
0, ,-20, ,
0, ,-20, ,
0, ,-20, ,
0, ,-20, ,
0, ,-20, ,
-1, ,-20, ,
0, ,-20, ,
-1, ,-20, ,
-1, ,-20, ,
-1, ,-20, ,
-1, ,-20, ,
0, ,-20, ,
0, ,-20, ,
0, ,-20, ,
0, ,-20, ,
0, ,-20, ,
0, ,-20, ,
0, ,-19, ,
-1, ,-20, ,
0, ,-20, ,
0, ,-20, ,
0, ,-20, ,
-1, ,-20, ,
-1, ,-20, ,
0, ,-20, ,
-1, ,-20, ,
-1, ,-20, ,
-1, ,-20, ,
-1, ,-20, ,
-1, ,-20, ,
0, ,-20, ,
-1, ,-20, ,
0, ,-20, ,
-1, ,-20, ,
0, ,-20, ,
0, ,-20, ,
0, ,-20, ,
0, ,-20, ,
-1, ,-20, ,
0, ,-20, ,
-1, ,-20, ,
-1, ,-20, ,
0, ,-20, ,
0, ,-20, ,
0, ,-20, ,
-1, ,-20, ,
-1, ,-19, ,
0, ,-20, ,
-1, ,-20, ,
-1, ,-20, ,
-1, ,-20, ,
0, ,-20, ,
0, ,-20, ,
0, ,-20, ,
-1, ,-20, ,
0, ,-19, ,
-1, ,-20, ,
0, ,-20, ,
-1, ,-20, ,
-1, ,-20, ,
-1, ,-20, ,
-1, ,-20, ,
-1, ,-20, ,
0, ,-20, ,
0, ,-20, ,
-1, ,-20, ,
0, ,-20, ,
-1, ,-20, ,
-1, ,-20, ,
-1, ,-20, ,
0, ,-20, ,
0, ,-20, ,
0, ,-20, ,
0, ,-20, ,
-1, ,-20, ,
0, ,-20, ,
0, ,-20, ,
0, ,-20, ,
0, ,-20, ,
0, ,-20, ,
0, ,-20, ,
-1, ,-20, ,
0, ,-20, ,
0, ,-20, ,
-1, ,-20, ,
-1, ,-19, ,
-1, ,-20, ,
-1, ,-20, ,
0, ,-20, ,
0, ,-20, ,
0, ,-20, ,
0, ,-20, ,
0, ,-20, ,
0, ,-20, ,
0, ,-20, ,
0, ,-20, ,
-1, ,-20, ,
-1, ,-20, ,
-1, ,-20, ,
-1, ,-20, ,
-1, ,-20, ,
-1, ,-20, ,
-1, ,-20, ,
0, ,-20, ,
0, ,-20, ,
0, ,-20, ,
0, ,-20, ,
-1, ,-20, ,
-1, ,-20, ,
-1, ,-20, ,
-1, ,-20, ,
-1, ,-20, ,
-1, ,-20, ,
0, ,-20, ,
0, ,-20, ,
0, ,-20, ,
0, ,-20, ,
-1, ,-20, ,
-1, ,-20, ,
-1, ,-20, ,
-1, ,-20, ,
-1, ,-20, ,
0, ,-20, ,
0, ,-20, ,
-1, ,-20, ,
0, ,-20, ,
0, ,-19, ,
0, ,-20, ,
-1, ,-20, ,
-1, ,-20, ,
-1, ,-20, ,
-1, ,-20, ,
-1, ,-20, ,
-1, ,-20, ,
-1, ,-20, ,
-1, ,-20, ,
0, ,-20, ,
-1, ,-20, ,
0, ,-20, ,
0, ,-20, ,
0, ,-20, ,
-1, ,-20, ,
-1, ,-20, ,
-1, ,-20, ,
-1, ,-20, ,
-1, ,-20, ,
0, ,-20, ,
0, ,-20, ,
0, ,-20, ,
0, ,-20, ,
-1, ,-20, ,
-1, ,-20, ,
-1, ,-20, ,
-1, ,-20, ,
0, ,-20, ,
-1, ,-20, ,
0, ,-20, ,
-1, ,-20, ,
0, ,-20, ,
0, ,-20, ,
0, ,-20, ,
0, ,-20, ,
0, ,-20, ,
0, ,-20, ,
-1, ,-20, ,
-1, ,-20, ,
0, ,-20, ,
-1, ,-20, ,
-1, ,-20, ,
0, ,-20, ,
0, ,-20, ,
0, ,-20, ,
-1, ,-20, ,
-1, ,-20, ,
-1, ,-20, ,
-1, ,-20, ,
0, ,-20, ,
0, ,-20, ,
0, ,-20, ,
0, ,-20, ,
0, ,-20, ,
-1, ,-20, ,
0, ,-20, ,
0, ,-20, ,
0, ,-20, ,
0, ,-20, ,
-1, ,-20, ,
-1, ,-20, ,
-1, ,-20, ,
-1, ,-20, ,
0, ,-20, ,
0, ,-20, ,
-1, ,-20, ,
-1, ,-20, ,
-1, ,-20, ,
0, ,-20, ,
-1, ,-20, ,
0, ,-20, ,
-1, ,-20, ,
0, ,-20, ,
0, ,-20, ,
-1, ,-20, ,
-1, ,-20, ,
0, ,-20, ,
-1, ,-20, ,
-1, ,-20, ,
0, ,-20, ,
0, ,-20, ,
-1, ,-20, ,
-1, ,-20, ,
0, ,-20, ,
0, ,-20, ,
0, ,-20, ,
0, ,-20, ,
-1, ,-20, ,
-1, ,-20, ,
-1, ,-20, ,
0, ,-20, ,
0, ,-20, ,
0, ,-20, ,
-1, ,-20, ,
-1, ,-20, ,
-1, ,-20, ,
-1, ,-20, ,
-1, ,-20, ,
-1, ,-20, ,
0, ,-20, ,
0, ,-20, ,
0, ,-20, ,
0, ,-20, ,
0, ,-20, ,
0, ,-20, ,
0, ,-20, ,
-1, ,-20, ,
-1, ,-20, ,
-1, ,-20, ,
-1, ,-20, ,
-1, ,-20, ,
0, ,-20, ,
-1, ,-20, ,
-1, ,-20, ,
0, ,-20, ,
0, ,-20, ,
0, ,-20, ,
0, ,-20, ,
0, ,-20, ,
-1, ,-20, ,
0, ,-20, ,
0, ,-20, ,
0, ,-20, ,
0, ,-20, ,
0, ,-20, ,
0, ,-20, ,
0, ,-20, ,
0, ,-20, ,
0, ,-20, ,
0, ,-20, ,
-1, ,-20, ,
-1, ,-20, ,
-1, ,-20, ,
-1, ,-20, ,
-1, ,-20, ,
0, ,-20, ,
-1, ,-20, ,
-1, ,-20, ,
0, ,-20, ,
-1, ,-20, ,
0, ,-20, ,
0, ,-20, ,
0, ,-20, ,
0, ,-20, ,
-1, ,-20, ,
0, ,-20, ,
0, ,-20, ,
0, ,-20, ,
0, ,-20, ,
-1, ,-20, ,
-1, ,-20, ,
0, ,-20, ,
0, ,-20, ,
-1, ,-20, ,
-1, ,-20, ,
-1, ,-20, ,
0, ,-20, ,
-1, ,-20, ,
0, ,-19, ,
-1, ,-20, ,
0, ,-20, ,
0, ,-20, ,
0, ,-20, ,
0, ,-20, ,
0, ,-20, ,
0, ,-20, ,
-1, ,-20, ,
-1, ,-19, ,
-1, ,-20, ,
-1, ,-20, ,
0, ,-20, ,
0, ,-20, ,
0, ,-20, ,
-1, ,-20, ,
0, ,-20, ,
0, ,-20, ,
0, ,-20, ,
0, ,-20, ,
-1, ,-20, ,
0, ,-20, ,
-1, ,-20, ,
0, ,-20, ,
0, ,-20, ,
0, ,-20, ,
0, ,-20, ,
-1, ,-20, ,
-1, ,-20, ,
-1, ,-20, ,
0, ,-20, ,
0, ,-20, ,
0, ,-20, ,
-1, ,-20, ,
-1, ,-20, ,
-1, ,-20, ,
0, ,-20, ,
-1, ,-20, ,
0, ,-20, ,
0, ,-20, ,
0, ,-20, ,
0, ,-19, ,
0, ,-20, ,
0, ,-20, ,
0, ,-20, ,
-1, ,-20, ,
-1, ,-20, ,
-1, ,-20, ,
-1, ,-20, ,
0, ,-20, ,
0, ,-20, ,
-1, ,-20, ,
-1, ,-20, ,
-1, ,-20, ,
-1, ,-20, ,
-1, ,-20, ,
0, ,-20, ,
0, ,-20, ,
0, ,-20, ,
0, ,-20, ,
0, ,-20, ,
0, ,-20, ,
-1, ,-20, ,
-1, ,-20, ,
-1, ,-20, ,
0, ,-20, ,
0, ,-20, ,
0, ,-20, ,
0, ,-20, ,
0, ,-20, ,
-1, ,-20, ,
-1, ,-20, ,
-1, ,-20, ,
-1, ,-20, ,
-1, ,-20, ,
0, ,-20, ,
0, ,-20, ,
0, ,-20, ,
0, ,-20, ,
0, ,-20, ,
0, ,-20, ,
0, ,-20, ,
0, ,-20, ,
-1, ,-20, ,
-1, ,-20, ,
-1, ,-20, ,
-1, ,-20, ,
-1, ,-20, ,
0, ,-19, ,
0, ,-20, ,
0, ,-20, ,
0, ,-20, ,
-1, ,-20, ,
-1, ,-20, ,
-1, ,-20, ,
-1, ,-20, ,
0, ,-20, ,
-1, ,-20, ,
-1, ,-20, ,
-1, ,-20, ,
0, ,-20, ,
0, ,-20, ,
0, ,-20, ,
0, ,-20, ,
-1, ,-20, ,
-1, ,-20, ,
0, ,-20, ,
0, ,-20, ,
0, ,-20, ,
0, ,-20, ,
0, ,-20, ,
-1, ,-20, ,
-1, ,-20, ,
0, ,-20, ,
0, ,-20, ,
-1, ,-20, ,
-1, ,-20, ,
0, ,-20, ,
0, ,-20, ,
-1, ,-20, ,
-1, ,-20, ,
-1, ,-20, ,
-1, ,-20, ,
-1, ,-20, ,
0, ,-20, ,
0, ,-20, ,
0, ,-20, ,
0, ,-20, ,
0, ,-20, ,
-1, ,-20, ,
-1, ,-20, ,
0, ,-20, ,
-1, ,-20, ,
0, ,-20, ,
-1, ,-20, ,
0, ,-20, ,
-1, ,-20, ,
0, ,-20, ,
-1, ,-20, ,
-1, ,-20, ,
-1, ,-20, ,
-1, ,-20, ,
0, ,-20, ,
0, ,-20, ,
-1, ,-20, ,
-1, ,-20, ,
-1, ,-20, ,
-1, ,-20, ,
0, ,-20, ,
0, ,-20, ,
0, ,-20, ,
-1, ,-20, ,
0, ,-20, ,
-1, ,-20, ,
0, ,-20, ,
-1, ,-20, ,
-1, ,-19, ,
0, ,-20, ,
0, ,-20, ,
0, ,-20, ,
0, ,-20, ,
-1, ,-20, ,
-1, ,-20, ,
-1, ,-20, ,
-1, ,-20, ,
-1, ,-20, ,
0, ,-20, ,
0, ,-20, ,
0, ,-19, ,
0, ,-20, ,
0, ,-20, ,
0, ,-20, ,
-1, ,-20, ,
-1, ,-20, ,
0, ,-20, ,
0, ,-20, ,
0, ,-20, ,
-1, ,-20, ,
-1, ,-20, ,
-1, ,-20, ,
0, ,-20, ,
-1, ,-20, ,
-1, ,-20, ,
-1, ,-20, ,
0, ,-20, ,
0, ,-20, ,
0, ,-20, ,
0, ,-20, ,
0, ,-20, ,
-1, ,-20, ,
0, ,-20, ,
0, ,-20, ,
0, ,-20, ,
-1, ,-20, ,
-2, ,-20, ,
-2, ,-20, ,
-1, ,-20, ,
0, ,-20, ,
0, ,-20, ,
0, ,-20, ,
0, ,-20, ,
0, ,-20, ,
0, ,-20, ,
0, ,-19, ,
0, ,-20, ,
0, ,-20, ,
-1, ,-20, ,
-1, ,-20, ,
-1, ,-20, ,
0, ,-20, ,
1, ,-20, ,
0, ,-20, ,
-1, ,-20, ,
-1, ,-20, ,
-1, ,-20, ,
0, ,-20, ,
0, ,-20, ,
-4, ,-20, ,
-4, ,-20, ,
0, ,-20, ,
6, ,-20, ,
2, ,-20, ,
-2, ,-20, ,
-1, ,-20, ,
1, ,-20, ,
-4, ,-20, ,
-5, ,-20, ,
-2, ,-20, ,
-4, ,-20, ,
-7, ,-20, ,
-5, ,-20, ,
4, ,-20, ,
10, ,-20, ,
9, ,-20, ,
2, ,-20, ,
-5, ,-20, ,
-6, ,-20, ,
-4, ,-20, ,
-1, ,-20, ,
-1, ,-20, ,
-4, ,-20, ,
-5, ,-20, ,
-5, ,-20, ,
-2, ,-20, ,
4, ,-20, ,
9, ,-20, ,
6, ,-20, ,
0, ,-20, ,
-6, ,-20, ,
-9, ,-20, ,
-5, ,-20, ,
0, ,-20, ,
2, ,-20, ,
5, ,-20, ,
9, ,-20, ,
7, ,-20, ,
-1, ,-20, ,
-15, ,-20, ,
-18, ,-20, ,
-9, ,-20, ,
2, ,-20, ,
-1, ,-20, ,
-6, ,-20, ,
-2, ,-20, ,
6, ,-20, ,
12, ,-20, ,
16, ,-20, ,
16, ,-20, ,
2, ,-20, ,
-16, ,-20, ,
-21, ,-20, ,
-13, ,-20, ,
-6, ,-20, ,
-1, ,-20, ,
1, ,-20, ,
0, ,-20, ,
0, ,-20, ,
2, ,-20, ,
7, ,-20, ,
12, ,-20, ,
13, ,-20, ,
10, ,-20, ,
0, ,-20, ,
-16, ,-20, ,
-24, ,-20, ,
-23, ,-20, ,
-11, ,-20, ,
9, ,-20, ,
20, ,-20, ,
13, ,-20, ,
0, ,-20, ,
-10, ,-20, ,
-12, ,-20, ,
-12, ,-20, ,
-9, ,-20, ,
4, ,-20, ,
13, ,-20, ,
15, ,-20, ,
7, ,-20, ,
-4, ,-20, ,
-7, ,-20, ,
-5, ,-20, ,
-1, ,-20, ,
0, ,-20, ,
0, ,-20, ,
-1, ,-19, ,
-4, ,-20, ,
-7, ,-20, ,
-7, ,-20, ,
-4, ,-20, ,
1, ,-20, ,
5, ,-20, ,
4, ,-20, ,
1, ,-20, ,
-1, ,-20, ,
1, ,-20, ,
1, ,-20, ,
-2, ,-20, ,
-6, ,-20, ,
-6, ,-20, ,
-2, ,-20, ,
2, ,-20, ,
5, ,-20, ,
5, ,-20, ,
4, ,-20, ,
4, ,-20, ,
4, ,-20, ,
0, ,-20, ,
-5, ,-20, ,
-10, ,-20, ,
-11, ,-20, ,
-9, ,-20, ,
-5, ,-20, ,
-5, ,-20, ,
-5, ,-20, ,
-1, ,-20, ,
4, ,-20, ,
10, ,-20, ,
12, ,-20, ,
7, ,-20, ,
1, ,-20, ,
-2, ,-20, ,
-2, ,-20, ,
-5, ,-20, ,
-7, ,-20, ,
-6, ,-20, ,
-1, ,-20, ,
5, ,-20, ,
5, ,-20, ,
4, ,-20, ,
2, ,-20, ,
1, ,-20, ,
-2, ,-20, ,
-9, ,-20, ,
-7, ,-20, ,
-4, ,-20, ,
0, ,-20, ,
0, ,-20, ,
0, ,-20, ,
-1, ,-20, ,
-2, ,-20, ,
-1, ,-20, ,
2, ,-20, ,
4, ,-20, ,
4, ,-20, ,
1, ,-20, ,
-1, ,-20, ,
-5, ,-20, ,
-6, ,-20, ,
-6, ,-20, ,
-5, ,-20, ,
0, ,-20, ,
2, ,-20, ,
2, ,-20, ,
1, ,-20, ,
0, ,-20, ,
-1, ,-20, ,
-1, ,-20, ,
1, ,-20, ,
2, ,-20, ,
-6, ,-20, ,
-15, ,-20, ,
-4, ,-20, ,
13, ,-20, ,
10, ,-20, ,
-5, ,-20, ,
-7, ,-20, ,
-5, ,-20, ,
-4, ,-20, ,
1, ,-20, ,
9, ,-20, ,
10, ,-20, ,
2, ,-20, ,
-5, ,-20, ,
-7, ,-20, ,
-2, ,-20, ,
2, ,-20, ,
2, ,-20, ,
-1, ,-20, ,
-5, ,-20, ,
-6, ,-20, ,
-5, ,-20, ,
-4, ,-20, ,
-6, ,-20, ,
-9, ,-20, ,
-9, ,-20, ,
-2, ,-20, ,
10, ,-20, ,
20, ,-19, ,
17, ,-20, ,
6, ,-20, ,
-7, ,-20, ,
-11, ,-20, ,
-6, ,-20, ,
-2, ,-20, ,
-7, ,-20, ,
-11, ,-20, ,
-10, ,-20, ,
1, ,-20, ,
20, ,-20, ,
20, ,-20, ,
-7, ,-20, ,
-28, ,-20, ,
-15, ,-20, ,
9, ,-20, ,
16, ,-20, ,
6, ,-20, ,
-4, ,-20, ,
-6, ,-20, ,
-9, ,-20, ,
-10, ,-20, ,
-4, ,-20, ,
7, ,-20, ,
11, ,-20, ,
1, ,-20, ,
-15, ,-20, ,
-17, ,-20, ,
-4, ,-20, ,
12, ,-20, ,
13, ,-20, ,
1, ,-19, ,
-4, ,-20, ,
9, ,-20, ,
27, ,-20, ,
34, ,-20, ,
11, ,-20, ,
-32, ,-20, ,
-60, ,-20, ,
-49, ,-20, ,
-11, ,-20, ,
16, ,-20, ,
15, ,-20, ,
1, ,-20, ,
-2, ,-20, ,
2, ,-20, ,
9, ,-20, ,
12, ,-20, ,
10, ,-20, ,
4, ,-20, ,
-4, ,-20, ,
-6, ,-20, ,
-4, ,-20, ,
1, ,-20, ,
5, ,-20, ,
5, ,-20, ,
0, ,-20, ,
-5, ,-20, ,
-7, ,-20, ,
-6, ,-20, ,
-6, ,-20, ,
-4, ,-20, ,
0, ,-20, ,
5, ,-20, ,
7, ,-20, ,
4, ,-20, ,
-2, ,-20, ,
-6, ,-20, ,
-6, ,-20, ,
-5, ,-20, ,
-1, ,-20, ,
1, ,-20, ,
4, ,-20, ,
4, ,-20, ,
-1, ,-20, ,
-5, ,-20, ,
-5, ,-20, ,
-1, ,-20, ,
2, ,-20, ,
4, ,-20, ,
0, ,-20, ,
-4, ,-20, ,
-5, ,-20, ,
-4, ,-20, ,
-1, ,-20, ,
0, ,-20, ,
1, ,-20, ,
2, ,-20, ,
4, ,-20, ,
4, ,-20, ,
1, ,-20, ,
0, ,-20, ,
0, ,-20, ,
-1, ,-20, ,
-4, ,-20, ,
-5, ,-20, ,
-6, ,-20, ,
-4, ,-20, ,
-2, ,-19, ,
0, ,-20, ,
0, ,-20, ,
1, ,-20, ,
1, ,-20, ,
1, ,-20, ,
0, ,-20, ,
0, ,-20, ,
0, ,-20, ,
1, ,-20, ,
1, ,-20, ,
0, ,-20, ,
-2, ,-20, ,
-2, ,-20, ,
-2, ,-20, ,
-1, ,-20, ,
-1, ,-20, ,
-1, ,-20, ,
-1, ,-20, ,
-1, ,-20, ,
-2, ,-20, ,
-1, ,-20, ,
1, ,-20, ,
2, ,-20, ,
4, ,-20, ,
2, ,-20, ,
1, ,-20, ,
0, ,-20, ,
1, ,-20, ,
0, ,-20, ,
-1, ,-20, ,
-4, ,-20, ,
-5, ,-20, ,
-5, ,-20, ,
-4, ,-20, ,
-2, ,-20, ,
0, ,-20, ,
0, ,-20, ,
1, ,-20, ,
1, ,-20, ,
1, ,-20, ,
1, ,-20, ,
0, ,-20, ,
0, ,-20, ,
-1, ,-20, ,
-1, ,-20, ,
-1, ,-20, ,
-2, ,-20, ,
-2, ,-20, ,
-2, ,-20, ,
-1, ,-20, ,
-1, ,-20, ,
-1, ,-20, ,
0, ,-20, ,
0, ,-20, ,
1, ,-20, ,
1, ,-20, ,
1, ,-20, ,
0, ,-20, ,
0, ,-20, ,
0, ,-20, ,
1, ,-20, ,
1, ,-20, ,
0, ,-20, ,
-1, ,-20, ,
-2, ,-20, ,
-4, ,-20, ,
-4, ,-20, ,
-2, ,-20, ,
-1, ,-20, ,
0, ,-20, ,
0, ,-20, ,
0, ,-20, ,
1, ,-20, ,
1, ,-20, ,
2, ,-20, ,
2, ,-20, ,
1, ,-20, ,
0, ,-20, ,
-2, ,-20, ,
-2, ,-20, ,
-2, ,-20, ,
-2, ,-20, ,
-2, ,-20, ,
-2, ,-20, ,
-2, ,-20, ,
-2, ,-20, ,
-2, ,-20, ,
-2, ,-20, ,
-1, ,-20, ,
-1, ,-20, ,
0, ,-20, ,
1, ,-20, ,
1, ,-20, ,
1, ,-20, ,
1, ,-20, ,
1, ,-20, ,
1, ,-20, ,
1, ,-20, ,
1, ,-20, ,
0, ,-20, ,
-1, ,-20, ,
-1, ,-20, ,
-2, ,-20, ,
-1, ,-20, ,
-1, ,-20, ,
-1, ,-20, ,
-1, ,-20, ,
-1, ,-20, ,
-1, ,-20, ,
0, ,-20, ,
0, ,-20, ,
1, ,-20, ,
0, ,-20, ,
-1, ,-20, ,
-1, ,-20, ,
-1, ,-20, ,
0, ,-20, ,
0, ,-20, ,
0, ,-20, ,
0, ,-20, ,
-1, ,-20, ,
-1, ,-20, ,
-1, ,-20, ,
-1, ,-20, ,
-1, ,-20, ,
-1, ,-20, ,
-1, ,-20, ,
-1, ,-20, ,
0, ,-20, ,
1, ,-20, ,
1, ,-20, ,
1, ,-20, ,
1, ,-19, ,
0, ,-20, ,
0, ,-20, ,
0, ,-20, ,
0, ,-20, ,
0, ,-20, ,
-1, ,-20, ,
-1, ,-20, ,
-1, ,-20, ,
-2, ,-20, ,
-2, ,-20, ,
-2, ,-20, ,
-1, ,-20, ,
0, ,-20, ,
-1, ,-20, ,
-1, ,-20, ,
-1, ,-20, ,
-1, ,-20, ,
-1, ,-20, ,
-1, ,-20, ,
0, ,-20, ,
0, ,-20, ,
0, ,-20, ,
0, ,-20, ,
-1, ,-20, ,
-1, ,-20, ,
0, ,-20, ,
0, ,-20, ,
0, ,-20, ,
-1, ,-20, ,
0, ,-20, ,
0, ,-20, ,
0, ,-20, ,
0, ,-20, ,
0, ,-20, ,
0, ,-20, ,
0, ,-20, ,
1, ,-20, ,
1, ,-20, ,
0, ,-20, ,
-1, ,-20, ,
-1, ,-20, ,
-1, ,-20, ,
-1, ,-20, ,
-1, ,-20, ,
-1, ,-20, ,
-2, ,-20, ,
-2, ,-20, ,
-1, ,-20, ,
-1, ,-20, ,
-1, ,-20, ,
-1, ,-20, ,
-1, ,-20, ,
0, ,-20, ,
-1, ,-20, ,
-1, ,-20, ,
0, ,-20, ,
0, ,-20, ,
0, ,-20, ,
0, ,-20, ,
0, ,-20, ,
0, ,-20, ,
0, ,-20, ,
-1, ,-20, ,
0, ,-20, ,
0, ,-20, ,
0, ,-20, ,
-1, ,-20, ,
-1, ,-20, ,
0, ,-20, ,
0, ,-20, ,
0, ,-20, ,
0, ,-20, ,
0, ,-20, ,
0, ,-20, ,
-1, ,-20, ,
-1, ,-20, ,
-1, ,-20, ,
-1, ,-20, ,
-1, ,-20, ,
-1, ,-20, ,
-1, ,-20, ,
-1, ,-20, ,
-1, ,-20, ,
-1, ,-20, ,
-1, ,-20, ,
-1, ,-20, ,
-1, ,-20, ,
0, ,-20, ,
0, ,-20, ,
0, ,-20, ,
0, ,-20, ,
0, ,-20, ,
0, ,-20, ,
-1, ,-20, ,
-1, ,-20, ,
-1, ,-19, ,
0, ,-20, ,
0, ,-20, ,
0, ,-20, ,
0, ,-20, ,
0, ,-20, ,
-1, ,-20, ,
-1, ,-20, ,
-1, ,-20, ,
-1, ,-20, ,
0, ,-20, ,
0, ,-20, ,
-1, ,-20, ,
-1, ,-20, ,
-1, ,-20, ,
-1, ,-20, ,
-1, ,-20, ,
0, ,-20, ,
0, ,-20, ,
0, ,-20, ,
-1, ,-20, ,
-1, ,-20, ,
-1, ,-20, ,
0, ,-20, ,
0, ,-20, ,
0, ,-20, ,
0, ,-20, ,
0, ,-20, ,
0, ,-20, ,
0, ,-20, ,
0, ,-20, ,
0, ,-20, ,
0, ,-20, ,
-1, ,-20, ,
-1, ,-20, ,
-1, ,-20, ,
-1, ,-20, ,
0, ,-20, ,
0, ,-20, ,
-1, ,-20, ,
-1, ,-20, ,
-1, ,-20, ,
0, ,-20, ,
-1, ,-20, ,
-1, ,-20, ,
-1, ,-20, ,
-1, ,-20, ,
-1, ,-20, ,
0, ,-20, ,
0, ,-20, ,
0, ,-20, ,
-1, ,-20, ,
-1, ,-20, ,
0, ,-20, ,
0, ,-20, ,
0, ,-20, ,
0, ,-20, ,
0, ,-20, ,
0, ,-20, ,
0, ,-20, ,
0, ,-20, ,
-1, ,-20, ,
-1, ,-20, ,
-1, ,-20, ,
-1, ,-20, ,
-1, ,-20, ,
-1, ,-20, ,
-1, ,-20, ,
-1, ,-20, ,
-1, ,-20, ,
-1, ,-20, ,
-1, ,-20, ,
0, ,-20, ,
0, ,-20, ,
0, ,-20, ,
0, ,-20, ,
-1, ,-20, ,
-1, ,-20, ,
-1, ,-20, ,
0, ,-20, ,
0, ,-20, ,
0, ,-20, ,
0, ,-20, ,
0, ,-20, ,
-1, ,-20, ,
-1, ,-20, ,
-1, ,-20, ,
0, ,-20, ,
0, ,-20, ,
0, ,-20, ,
0, ,-20, ,
0, ,-20, ,
-1, ,-20, ,
-1, ,-20, ,
-1, ,-20, ,
-1, ,-20, ,
-1, ,-20, ,
-1, ,-20, ,
-1, ,-20, ,
-1, ,-20, ,
-1, ,-20, ,
-1, ,-20, ,
0, ,-20, ,
-1, ,-20, ,
-1, ,-20, ,
0, ,-20, ,
0, ,-20, ,
0, ,-20, ,
0, ,-20, ,
0, ,-20, ,
0, ,-20, ,
0, ,-20, ,
0, ,-20, ,
0, ,-20, ,
0, ,-20, ,
0, ,-20, ,
-1, ,-20, ,
0, ,-20, ,
0, ,-20, ,
0, ,-20, ,
-11, ,-20, ,
127, ,-20, ,
127, ,-20, ,
127, ,-20, ,
127, ,-20, ,
115, ,-20, ,
62, ,-20, ,
27, ,-20, ,
9, ,-20, ,
-2, ,-20, ,
-7, ,-20, ,
-10, ,-20, ,
-10, ,-20, ,
-10, ,-20, ,
-9, ,-20, ,
-7, ,-20, ,
-6, ,-20, ,
-5, ,-20, ,
-4, ,-20, ,
-2, ,-20, ,
-2, ,-20, ,
-2, ,-20, ,
-2, ,-20, ,
-1, ,-20, ,
-2, ,-20, ,
-1, ,-20, ,
-6, ,-20, ,
-2, ,-20, ,
-9, ,-20, ,
0, ,-20, ,
-9, ,-20, ,
0, ,-20, ,
-4, ,-20, ,
2, ,-20, ,
1, ,-20, ,
-9, ,-20, ,
-30, ,-20, ,
-62, ,-20, ,
-107, ,-20, ,
-112, ,-20, ,
-78, ,-20, ,
-17, ,-20, ,
-4, ,-20, ,
-4, ,-20, ,
-28, ,-20, ,
-43, ,-20, ,
-39, ,-20, ,
-29, ,-20, ,
-51, ,-20, ,
-50, ,-20, ,
-40, ,-20, ,
-66, ,-20, ,
-37, ,-20, ,
-22, ,-20, ,
1, ,-20, ,
-5, ,-20, ,
5, ,-20, ,
17, ,-20, ,
-7, ,-20, ,
-22, ,-20, ,
-39, ,-20, ,
-72, ,-20, ,
-93, ,-20, ,
-67, ,-20, ,
-45, ,-20, ,
-21, ,-20, ,
26, ,-20, ,
26, ,-19, ,
10, ,-20, ,
-2, ,-20, ,
-32, ,-20, ,
-67, ,-20, ,
-57, ,-20, ,
-45, ,-20, ,
-49, ,-20, ,
-23, ,-20, ,
-21, ,-20, ,
-24, ,-20, ,
-26, ,-20, ,
-38, ,-20, ,
-28, ,-20, ,
-16, ,-20, ,
-9, ,-20, ,
-7, ,-20, ,
-11, ,-20, ,
-20, ,-20, ,
-20, ,-20, ,
-16, ,-20, ,
-16, ,-20, ,
-6, ,-20, ,
1, ,-20, ,
-1, ,-20, ,
-1, ,-20, ,
-2, ,-20, ,
-7, ,-20, ,
-10, ,-20, ,
-11, ,-20, ,
-9, ,-20, ,
-10, ,-20, ,
-11, ,-20, ,
-9, ,-20, ,
-7, ,-20, ,
-7, ,-20, ,
-5, ,-20, ,
-9, ,-20, ,
-22, ,-20, ,
-16, ,-20, ,
0, ,-20, ,
-20, ,-20, ,
-26, ,-20, ,
-22, ,-20, ,
-21, ,-20, ,
-17, ,-20, ,
-13, ,-20, ,
-11, ,-20, ,
-4, ,-20, ,
0, ,-20, ,
0, ,-20, ,
1, ,-20, ,
2, ,-20, ,
-2, ,-20, ,
-2, ,-20, ,
-2, ,-20, ,
-5, ,-20, ,
-5, ,-20, ,
-4, ,-20, ,
-6, ,-20, ,
-7, ,-20, ,
-6, ,-20, ,
-4, ,-20, ,
-5, ,-20, ,
-4, ,-20, ,
-1, ,-20, ,
0, ,-20, ,
1, ,-20, ,
2, ,-20, ,
2, ,-20, ,
1, ,-20, ,
1, ,-20, ,
1, ,-20, ,
0, ,-20, ,
0, ,-20, ,
-2, ,-20, ,
-4, ,-20, ,
-4, ,-20, ,
-5, ,-20, ,
-6, ,-20, ,
-5, ,-20, ,
-4, ,-20, ,
-4, ,-20, ,
-1, ,-20, ,
-1, ,-20, ,
-1, ,-20, ,
-1, ,-20, ,
-1, ,-20, ,
-2, ,-20, ,
-6, ,-20, ,
-5, ,-20, ,
0, ,-20, ,
0, ,-20, ,
-2, ,-20, ,
-4, ,-20, ,
-5, ,-20, ,
-2, ,-20, ,
0, ,-20, ,
0, ,-20, ,
1, ,-20, ,
1, ,-20, ,
1, ,-20, ,
4, ,-20, ,
5, ,-20, ,
1, ,-20, ,
2, ,-20, ,
4, ,-20, ,
1, ,-20, ,
-1, ,-20, ,
-1, ,-20, ,
-12, ,-20, ,
-28, ,-20, ,
-5, ,-20, ,
33, ,-20, ,
28, ,-20, ,
6, ,-20, ,
-4, ,-20, ,
-2, ,-20, ,
-5, ,-20, ,
-15, ,-20, ,
-16, ,-20, ,
-5, ,-20, ,
1, ,-20, ,
0, ,-20, ,
1, ,-20, ,
4, ,-20, ,
2, ,-20, ,
2, ,-20, ,
1, ,-20, ,
0, ,-20, ,
-2, ,-20, ,
-4, ,-20, ,
-4, ,-20, ,
-4, ,-20, ,
-4, ,-20, ,
-4, ,-20, ,
-5, ,-20, ,
-5, ,-20, ,
-5, ,-20, ,
-4, ,-20, ,
-4, ,-20, ,
-5, ,-20, ,
-4, ,-20, ,
-4, ,-20, ,
-4, ,-20, ,
-2, ,-20, ,
-1, ,-20, ,
0, ,-20, ,
1, ,-20, ,
2, ,-20, ,
2, ,-20, ,
1, ,-20, ,
1, ,-20, ,
1, ,-20, ,
0, ,-20, ,
0, ,-20, ,
-2, ,-20, ,
-4, ,-20, ,
-5, ,-20, ,
-6, ,-20, ,
-7, ,-20, ,
-9, ,-20, ,
-9, ,-20, ,
-9, ,-20, ,
-9, ,-20, ,
-9, ,-20, ,
-9, ,-20, ,
-7, ,-20, ,
-6, ,-20, ,
-5, ,-20, ,
-4, ,-20, ,
-1, ,-20, ,
0, ,-20, ,
0, ,-20, ,
1, ,-20, ,
1, ,-20, ,
0, ,-20, ,
0, ,-20, ,
-1, ,-20, ,
-1, ,-20, ,
-2, ,-20, ,
-2, ,-20, ,
-2, ,-20, ,
-2, ,-20, ,
-2, ,-20, ,
-2, ,-20, ,
-2, ,-20, ,
-1, ,-20, ,
-1, ,-20, ,
-1, ,-19, ,
0, ,-20, ,
0, ,-20, ,
-1, ,-20, ,
0, ,-20, ,
0, ,-20, ,
0, ,-20, ,
-1, ,-20, ,
-1, ,-20, ,
-1, ,-20, ,
-2, ,-20, ,
-2, ,-20, ,
-2, ,-20, ,
-2, ,-20, ,
-2, ,-20, ,
-2, ,-20, ,
-1, ,-20, ,
0, ,-20, ,
0, ,-20, ,
0, ,-20, ,
1, ,-20, ,
1, ,-20, ,
1, ,-20, ,
1, ,-20, ,
2, ,-20, ,
1, ,-20, ,
1, ,-20, ,
1, ,-20, ,
1, ,-20, ,
1, ,-20, ,
1, ,-20, ,
1, ,-20, ,
1, ,-20, ,
1, ,-19, ,
0, ,-20, ,
1, ,-20, ,
0, ,-20, ,
0, ,-20, ,
0, ,-20, ,
0, ,-20, ,
0, ,-20, ,
0, ,-20, ,
0, ,-20, ,
0, ,-20, ,
0, ,-20, ,
0, ,-20, ,
0, ,-20, ,
-1, ,-20, ,
-1, ,-20, ,
-1, ,-20, ,
-1, ,-20, ,
-1, ,-20, ,
-1, ,-20, ,
-1, ,-20, ,
-1, ,-20, ,
-1, ,-20, ,
-1, ,-20, ,
-1, ,-20, ,
-1, ,-20, ,
-1, ,-20, ,
-1, ,-20, ,
-1, ,-20, ,
-2, ,-20, ,
-2, ,-20, ,
-1, ,-19, ,
-2, ,-20, ,
-1, ,-20, ,
-1, ,-20, ,
-1, ,-20, ,
-5, ,-20, ,
-9, ,-20, ,
-2, ,-20, ,
13, ,-20, ,
13, ,-20, ,
-5, ,-20, ,
-24, ,-20, ,
-15, ,-20, ,
4, ,-20, ,
6, ,-20, ,
-4, ,-20, ,
-6, ,-20, ,
-4, ,-20, ,
2, ,-20, ,
-1, ,-20, ,
-4, ,-20, ,
-2, ,-20, ,
-2, ,-20, ,
-4, ,-20, ,
-4, ,-20, ,
-4, ,-19, ,
-2, ,-20, ,
-4, ,-20, ,
-4, ,-20, ,
-2, ,-20, ,
-1, ,-20, ,
-2, ,-20, ,
-2, ,-20, ,
-1, ,-20, ,
-1, ,-20, ,
-2, ,-20, ,
-1, ,-20, ,
-1, ,-20, ,
-1, ,-20, ,
-1, ,-20, ,
-1, ,-20, ,
-1, ,-20, ,
0, ,-20, ,
0, ,-20, ,
0, ,-20, ,
0, ,-20, ,
0, ,-20, ,
0, ,-20, ,
-1, ,-20, ,
0, ,-20, ,
0, ,-20, ,
0, ,-20, ,
0, ,-20, ,
0, ,-20, ,
0, ,-20, ,
0, ,-20, ,
0, ,-20, ,
0, ,-20, ,
0, ,-20, ,
0, ,-20, ,
0, ,-20, ,
0, ,-20, ,
0, ,-20, ,
0, ,-20, ,
0, ,-20, ,
0, ,-20, ,
0, ,-20, ,
0, ,-20, ,
0, ,-20, ,
0, ,-20, ,
0, ,-20, ,
1, ,-20, ,
1, ,-20, ,
1, ,-20, ,
1, ,-20, ,
0, ,-20, ,
0, ,-20, ,
0, ,-20, ,
1, ,-20, ,
0, ,-20, ,
0, ,-20, ,
0, ,-20, ,
0, ,-20, ,
0, ,-20, ,
0, ,-20, ,
0, ,-20, ,
0, ,-20, ,
0, ,-20, ,
0, ,-20, ,
0, ,-20, ,
0, ,-20, ,
0, ,-20, ,
0, ,-20, ,
-1, ,-20, ,
0, ,-20, ,
-1, ,-20, ,
-1, ,-20, ,
0, ,-20, ,
0, ,-20, ,
-1, ,-20, ,
0, ,-20, ,
-1, ,-20, ,
-11, ,-20, ,
-28, ,-20, ,
5, ,-20, ,
77, ,-20, ,
43, ,-20, ,
-72, ,-20, ,
-67, ,-20, ,
13, ,-20, ,
22, ,-20, ,
-12, ,-20, ,
-6, ,-20, ,
18, ,-20, ,
5, ,-20, ,
-12, ,-20, ,
-2, ,-20, ,
1, ,-20, ,
-5, ,-20, ,
-5, ,-20, ,
-2, ,-20, ,
-1, ,-20, ,
-1, ,-20, ,
-2, ,-20, ,
-4, ,-20, ,
-2, ,-20, ,
1, ,-20, ,
-4, ,-20, ,
-5, ,-20, ,
-1, ,-20, ,
2, ,-20, ,
-1, ,-20, ,
-1, ,-20, ,
0, ,-20, ,
-4, ,-20, ,
-6, ,-20, ,
4, ,-20, ,
9, ,-20, ,
-4, ,-20, ,
-6, ,-20, ,
-6, ,-20, ,
-6, ,-20, ,
-2, ,-20, ,
1, ,-20, ,
0, ,-20, ,
0, ,-20, ,
1, ,-20, ,
1, ,-20, ,
1, ,-20, ,
1, ,-20, ,
0, ,-20, ,
0, ,-20, ,
-1, ,-20, ,
0, ,-20, ,
0, ,-20, ,
0, ,-20, ,
0, ,-20, ,
0, ,-20, ,
0, ,-20, ,
-1, ,-20, ,
0, ,-20, ,
0, ,-20, ,
0, ,-20, ,
0, ,-20, ,
0, ,-20, ,
0, ,-20, ,
0, ,-20, ,
-1, ,-20, ,
-1, ,-20, ,
-1, ,-20, ,
-1, ,-20, ,
-1, ,-20, ,
-1, ,-20, ,
-1, ,-20, ,
-1, ,-20, ,
-1, ,-20, ,
-1, ,-20, ,
-1, ,-20, ,
-1, ,-20, ,
-1, ,-20, ,
-1, ,-20, ,
-1, ,-20, ,
-1, ,-20, ,
-1, ,-20, ,
-1, ,-20, ,
-1, ,-20, ,
-1, ,-20, ,
-1, ,-20, ,
-1, ,-20, ,
-1, ,-20, ,
-1, ,-20, ,
-1, ,-20, ,
-1, ,-20, ,
-1, ,-19, ,
-1, ,-20, ,
-1, ,-20, ,
-1, ,-20, ,
-1, ,-20, ,
-1, ,-20, ,
-1, ,-20, ,
-1, ,-20, ,
0, ,-20, ,
-1, ,-20, ,
-1, ,-20, ,
0, ,-20, ,
0, ,-20, ,
0, ,-20, ,
0, ,-20, ,
0, ,-20, ,
0, ,-20, ,
0, ,-20, ,
0, ,-20, ,
0, ,-20, ,
0, ,-20, ,
-1, ,-20, ,
0, ,-20, ,
0, ,-20, ,
0, ,-20, ,
0, ,-20, ,
0, ,-20, ,
0, ,-20, ,
0, ,-20, ,
0, ,-20, ,
-1, ,-20, ,
0, ,-20, ,
1, ,-20, ,
0, ,-20, ,
0, ,-20, ,
0, ,-20, ,
0, ,-20, ,
-1, ,-20, ,
-1, ,-20, ,
0, ,-20, ,
-1, ,-20, ,
-1, ,-20, ,
0, ,-20, ,
0, ,-20, ,
-1, ,-20, ,
-1, ,-20, ,
-1, ,-20, ,
-1, ,-20, ,
-1, ,-20, ,
0, ,-20, ,
-1, ,-20, ,
-1, ,-20, ,
-1, ,-20, ,
-1, ,-20, ,
0, ,-20, ,
0, ,-20, ,
-1, ,-20, ,
0, ,-20, ,
0, ,-20, ,
-2, ,-20, ,
-4, ,-20, ,
0, ,-20, ,
6, ,-20, ,
-1, ,-20, ,
-2, ,-20, ,
1, ,-20, ,
1, ,-20, ,
-1, ,-20, ,
-4, ,-20, ,
-4, ,-20, ,
0, ,-20, ,
1, ,-20, ,
0, ,-20, ,
-1, ,-20, ,
-1, ,-20, ,
0, ,-20, ,
-1, ,-20, ,
0, ,-20, ,
-1, ,-20, ,
0, ,-20, ,
0, ,-20, ,
0, ,-20, ,
0, ,-20, ,
0, ,-20, ,
-1, ,-20, ,
-1, ,-20, ,
0, ,-20, ,
0, ,-20, ,
-1, ,-20, ,
-1, ,-20, ,
-1, ,-20, ,
-1, ,-20, ,
-1, ,-20, ,
-1, ,-20, ,
-1, ,-20, ,
-1, ,-19, ,
-1, ,-20, ,
-1, ,-20, ,
-1, ,-20, ,
-1, ,-20, ,
-1, ,-20, ,
-1, ,-20, ,
-1, ,-20, ,
-1, ,-19, ,
-1, ,-20, ,
-1, ,-20, ,
-1, ,-20, ,
-1, ,-20, ,
-1, ,-20, ,
-1, ,-20, ,
-1, ,-20, ,
-1, ,-20, ,
-1, ,-20, ,
-1, ,-20, ,
-1, ,-20, ,
-1, ,-19, ,
-1, ,-20, ,
0, ,-20, ,
0, ,-20, ,
0, ,-20, ,
0, ,-20, ,
0, ,-20, ,
0, ,-20, ,
-1, ,-20, ,
0, ,-20, ,
0, ,-20, ,
0, ,-20, ,
0, ,-20, ,
0, ,-20, ,
0, ,-20, ,
0, ,-20, ,
0, ,-20, ,
0, ,-20, ,
0, ,-20, ,
0, ,-20, ,
0, ,-20, ,
0, ,-20, ,
0, ,-20, ,
0, ,-20, ,
0, ,-20, ,
0, ,-20, ,
0, ,-20, ,
0, ,-20, ,
0, ,-20, ,
0, ,-20, ,
0, ,-20, ,
0, ,-20, ,
0, ,-20, ,
0, ,-20, ,
0, ,-20, ,
0, ,-20, ,
0, ,-20, ,
0, ,-20, ,
0, ,-20, ,
0, ,-20, ,
0, ,-20, ,
0, ,-20, ,
0, ,-20, ,
0, ,-20, ,
0, ,-20, ,
0, ,-20, ,
0, ,-20, ,
0, ,-20, ,
0, ,-20, ,
0, ,-20, ,
0, ,-20, ,
0, ,-20, ,
-1, ,-20, ,
-1, ,-20, ,
-1, ,-20, ,
-1, ,-20, ,
0, ,-20, ,
0, ,-20, ,
0, ,-20, ,
-1, ,-20, ,
-1, ,-20, ,
-1, ,-20, ,
-1, ,-20, ,
-1, ,-20, ,
-1, ,-20, ,
-1, ,-20, ,
-1, ,-20, ,
-1, ,-20, ,
-1, ,-20, ,
-1, ,-20, ,
-1, ,-20, ,
-1, ,-20, ,
-2, ,-20, ,
-1, ,-20, ,
-2, ,-20, ,
-1, ,-20, ,
-1, ,-20, ,
-1, ,-20, ,
-2, ,-20, ,
-1, ,-20, ,
-2, ,-20, ,
-2, ,-20, ,
-1, ,-20, ,
-2, ,-20, ,
-2, ,-20, ,
-2, ,-20, ,
-5, ,-20, ,
-2, ,-20, ,
4, ,-20, ,
1, ,-20, ,
-2, ,-20, ,
-2, ,-20, ,
-4, ,-20, ,
-4, ,-20, ,
-1, ,-20, ,
-1, ,-20, ,
-2, ,-20, ,
-1, ,-20, ,
-1, ,-20, ,
-1, ,-20, ,
-1, ,-20, ,
-1, ,-20, ,
-1, ,-20, ,
-1, ,-20, ,
-1, ,-20, ,
-1, ,-20, ,
-1, ,-20, ,
-1, ,-20, ,
-1, ,-20, ,
-1, ,-20, ,
-1, ,-20, ,
-1, ,-20, ,
-1, ,-20, ,
-1, ,-20, ,
-1, ,-20, ,
-1, ,-20, ,
0, ,-20, ,
0, ,-20, ,
0, ,-20, ,
-1, ,-20, ,
-1, ,-20, ,
0, ,-20, ,
0, ,-20, ,
0, ,-20, ,
0, ,-20, ,
0, ,-20, ,
0, ,-20, ,
-1, ,-20, ,
0, ,-20, ,
0, ,-20, ,
0, ,-20, ,
0, ,-20, ,
0, ,-20, ,
0, ,-19, ,
0, ,-20, ,
-1, ,-20, ,
-1, ,-20, ,
0, ,-20, ,
0, ,-20, ,
0, ,-20, ,
0, ,-20, ,
0, ,-20, ,
0, ,-20, ,
0, ,-20, ,
0, ,-20, ,
0, ,-20, ,
0, ,-20, ,
0, ,-20, ,
0, ,-20, ,
0, ,-20, ,
0, ,-20, ,
0, ,-20, ,
0, ,-19, ,
0, ,-20, ,
0, ,-20, ,
0, ,-20, ,
0, ,-20, ,
0, ,-19, ,
0, ,-20, ,
0, ,-20, ,
0, ,-20, ,
0, ,-20, ,
0, ,-20, ,
0, ,-20, ,
0, ,-20, ,
0, ,-20, ,
0, ,-20, ,
0, ,-20, ,
0, ,-20, ,
0, ,-20, ,
0, ,-20, ,
0, ,-20, ,
0, ,-20, ,
0, ,-20, ,
0, ,-20, ,
-1, ,-20, ,
0, ,-20, ,
0, ,-20, ,
0, ,-20, ,
0, ,-20, ,
-1, ,-20, ,
0, ,-20, ,
0, ,-20, ,
-1, ,-19, ,
-1, ,-20, ,
0, ,-20, ,
0, ,-20, ,
0, ,-20, ,
0, ,-20, ,
0, ,-20, ,
0, ,-20, ,
-1, ,-20, ,
-1, ,-20, ,
-1, ,-20, ,
0, ,-20, ,
0, ,-20, ,
-1, ,-19, ,
-1, ,-20, ,
-1, ,-20, ,
-2, ,-20, ,
-2, ,-19, ,
1, ,-20, ,
0, ,-20, ,
-1, ,-20, ,
0, ,-20, ,
0, ,-19, ,
-4, ,-20, ,
-5, ,-20, ,
-2, ,-20, ,
-2, ,-20, ,
-2, ,-20, ,
0, ,-20, ,
0, ,-20, ,
-1, ,-20, ,
-1, ,-20, ,
-1, ,-20, ,
-1, ,-19, ,
-1, ,-20, ,
-1, ,-20, ,
-1, ,-20, ,
-1, ,-20, ,
-1, ,-20, ,
-1, ,-20, ,
-1, ,-20, ,
-1, ,-20, ,
-1, ,-20, ,
-1, ,-20, ,
-1, ,-20, ,
-1, ,-20, ,
-1, ,-20, ,
-1, ,-20, ,
-1, ,-20, ,
-1, ,-20, ,
-1, ,-20, ,
-1, ,-20, ,
-1, ,-20, ,
-1, ,-20, ,
-1, ,-19, ,
0, ,-20, ,
-1, ,-20, ,
-1, ,-20, ,
0, ,-20, ,
0, ,-20, ,
-1, ,-20, ,
-1, ,-20, ,
-1, ,-20, ,
-1, ,-20, ,
-1, ,-20, ,
-1, ,-20, ,
-1, ,-20, ,
0, ,-20, ,
0, ,-20, ,
0, ,-20, ,
-1, ,-19, ,
-1, ,-20, ,
0, ,-20, ,
0, ,-20, ,
0, ,-20, ,
0, ,-20, ,
0, ,-20, ,
0, ,-20, ,
0, ,-20, ,
0, ,-20, ,
0, ,-20, ,
0, ,-20, ,
0, ,-20, ,
0, ,-20, ,
0, ,-20, ,
0, ,-20, ,
0, ,-20, ,
0, ,-20, ,
0, ,-20, ,
-1, ,-20, ,
0, ,-20, ,
0, ,-20, ,
-1, ,-20, ,
0, ,-20, ,
1, ,-20, ,
-1, ,-20, ,
0, ,-20, ,
1, ,-20, ,
0, ,-20, ,
0, ,-20, ,
0, ,-20, ,
0, ,-20, ,
0, ,-20, ,
0, ,-20, ,
0, ,-20, ,
0, ,-20, ,
0, ,-20, ,
0, ,-20, ,
-1, ,-20, ,
-2, ,-20, ,
1, ,-20, ,
2, ,-20, ,
1, ,-20, ,
0, ,-20, ,
1, ,-20, ,
-2, ,-20, ,
-2, ,-20, ,
-1, ,-20, ,
-1, ,-20, ,
-1, ,-20, ,
0, ,-20, ,
0, ,-20, ,
0, ,-20, ,
0, ,-20, ,
-1, ,-20, ,
0, ,-20, ,
1, ,-20, ,
1, ,-20, ,
1, ,-20, ,
0, ,-20, ,
-2, ,-20, ,
-2, ,-20, ,
-2, ,-20, ,
-1, ,-20, ,
0, ,-19, ,
0, ,-20, ,
0, ,-20, ,
-1, ,-20, ,
-1, ,-20, ,
0, ,-20, ,
-1, ,-20, ,
-1, ,-20, ,
-1, ,-20, ,
0, ,-20, ,
-1, ,-20, ,
-1, ,-20, ,
-1, ,-20, ,
-1, ,-20, ,
-1, ,-20, ,
-1, ,-20, ,
-1, ,-20, ,
-1, ,-20, ,
-1, ,-20, ,
-1, ,-20, ,
-1, ,-20, ,
-1, ,-20, ,
0, ,-20, ,
-1, ,-20, ,
-1, ,-20, ,
-1, ,-20, ,
-1, ,-20, ,
-1, ,-20, ,
-1, ,-20, ,
-1, ,-20, ,
-1, ,-20, ,
-1, ,-20, ,
-1, ,-20, ,
-1, ,-20, ,
-1, ,-20, ,
0, ,-20, ,
0, ,-20, ,
0, ,-20, ,
-1, ,-20, ,
-1, ,-20, ,
-1, ,-19, ,
-1, ,-20, ,
-1, ,-20, ,
-1, ,-20, ,
-1, ,-20, ,
-1, ,-20, ,
-1, ,-20, ,
-1, ,-19, ,
-1, ,-20, ,
-1, ,-19, ,
0, ,-20, ,
0, ,-20, ,
0, ,-20, ,
0, ,-20, ,
0, ,-20, ,
-1, ,-20, ,
-1, ,-20, ,
0, ,-20, ,
-1, ,-20, ,
0, ,-20, ,
0, ,-20, ,
0, ,-20, ,
-1, ,-20, ,
0, ,-20, ,
0, ,-20, ,
0, ,-20, ,
0, ,-20, ,
0, ,-20, ,
-1, ,-20, ,
0, ,-20, ,
0, ,-20, ,
0, ,-20, ,
0, ,-20, ,
0, ,-20, ,
0, ,-20, ,
0, ,-20, ,
0, ,-20, ,
0, ,-20, ,
0, ,-20, ,
0, ,-19, ,
0, ,-20, ,
0, ,-20, ,
0, ,-20, ,
0, ,-20, ,
0, ,-20, ,
0, ,-20, ,
0, ,-20, ,
0, ,-20, ,
0, ,-19, ,
0, ,-20, ,
-1, ,-20, ,
0, ,-20, ,
-1, ,-20, ,
0, ,-20, ,
0, ,-20, ,
0, ,-20, ,
0, ,-20, ,
0, ,-19, ,
0, ,-20, ,
0, ,-19, ,
0, ,-20, ,
0, ,-20, ,
0, ,-20, ,
-1, ,-19, ,
-2, ,-20, ,
-5, ,-20, ,
4, ,-20, ,
16, ,-20, ,
-1, ,-20, ,
-26, ,-20, ,
-2, ,-20, ,
9, ,-20, ,
1, ,-20, ,
-1, ,-19, ,
0, ,-20, ,
-1, ,-20, ,
0, ,-20, ,
0, ,-20, ,
-1, ,-20, ,
-1, ,-20, ,
-1, ,-20, ,
-1, ,-20, ,
-1, ,-20, ,
-1, ,-20, ,
-1, ,-20, ,
-1, ,-20, ,
-1, ,-20, ,
-1, ,-20, ,
0, ,-19, ,
-1, ,-20, ,
-1, ,-20, ,
-1, ,-19, ,
-1, ,-20, ,
-1, ,-20, ,
0, ,-20, ,
-1, ,-20, ,
-1, ,-19, ,
-1, ,-20, ,
-1, ,-20, ,
-1, ,-20, ,
-1, ,-20, ,
-1, ,-20, ,
-1, ,-20, ,
-1, ,-19, ,
-1, ,-20, ,
-1, ,-20, ,
0, ,-20, ,
-1, ,-20, ,
-1, ,-20, ,
-1, ,-20, ,
-1, ,-20, ,
-1, ,-20, ,
-1, ,-20, ,
-1, ,-20, ,
-1, ,-20, ,
0, ,-20, ,
0, ,-20, ,
0, ,-20, ,
-1, ,-20, ,
-1, ,-20, ,
-1, ,-20, ,
-1, ,-20, ,
-1, ,-20, ,
-1, ,-20, ,
0, ,-19, ,
0, ,-20, ,
0, ,-20, ,
0, ,-20, ,
0, ,-19, ,
-1, ,-20, ,
-1, ,-19, ,
-1, ,-20, ,
0, ,-20, ,
-1, ,-20, ,
-1, ,-20, ,
-1, ,-20, ,
-1, ,-20, ,
0, ,-20, ,
0, ,-20, ,
0, ,-20, ,
-1, ,-20, ,
-1, ,-20, ,
-1, ,-20, ,
-1, ,-19, ,
-1, ,-20, ,
-1, ,-20, ,
-1, ,-20, ,
0, ,-20, ,
-1, ,-20, ,
0, ,-20, ,
0, ,-19, ,
0, ,-20, ,
0, ,-20, ,
-1, ,-20, ,
0, ,-20, ,
0, ,-20, ,
0, ,-20, ,
-1, ,-20, ,
-1, ,-20, ,
-1, ,-19, ,
0, ,-20, ,
-1, ,-20, ,
-1, ,-20, ,
0, ,-20, ,
0, ,-19, ,
0, ,-20, ,
-1, ,-20, ,
-1, ,-20, ,
-1, ,-20, ,
0, ,-19, ,
-1, ,-20, ,
-1, ,-19, ,
0, ,-20, ,
1, ,-20, ,
0, ,-20, ,
-1, ,-20, ,
-2, ,-20, ,
-2, ,-20, ,
-1, ,-20, ,
0, ,-20, ,
0, ,-19, ,
0, ,-20, ,
-1, ,-20, ,
-1, ,-19, ,
1, ,-20, ,
0, ,-20, ,
0, ,-20, ,
-1, ,-20, ,
-2, ,-19, ,
-1, ,-20, ,
-1, ,-20, ,
0, ,-20, ,
0, ,-19, ,
0, ,-20, ,
-1, ,-19, ,
-1, ,-20, ,
-1, ,-19, ,
-1, ,-20, ,
-1, ,-20, ,
-1, ,-19, ,
-1, ,-20, ,
0, ,-20, ,
0, ,-20, ,
-1, ,-20, ,
0, ,-20, ,
0, ,-20, ,
-1, ,-20, ,
-2, ,-20, ,
-2, ,-19, ,
2, ,-20, ,
4, ,-20, ,
-4, ,-20, ,
-6, ,-20, ,
-1, ,-20, ,
1, ,-20, ,
0, ,-20, ,
-1, ,-20, ,
-1, ,-20, ,
-1, ,-20, ,
-1, ,-20, ,
0, ,-20, ,
0, ,-20, ,
0, ,-20, ,
0, ,-19, ,
-1, ,-20, ,
-1, ,-20, ,
-2, ,-20, ,
-1, ,-20, ,
1, ,-20, ,
1, ,-20, ,
0, ,-20, ,
-2, ,-20, ,
-2, ,-20, ,
-2, ,-20, ,
-1, ,-19, ,
0, ,-20, ,
0, ,-20, ,
0, ,-20, ,
0, ,-20, ,
0, ,-20, ,
0, ,-20, ,
-1, ,-20, ,
-1, ,-20, ,
0, ,-20, ,
0, ,-20, ,
0, ,-20, ,
0, ,-20, ,
-1, ,-20, ,
-1, ,-20, ,
-1, ,-20, ,
0, ,-20, ,
0, ,-20, ,
0, ,-20, ,
0, ,-20, ,
-1, ,-20, ,
-1, ,-19, ,
-1, ,-20, ,
-1, ,-20, ,
-1, ,-20, ,
-1, ,-20, ,
-1, ,-20, ,
0, ,-20, ,
-1, ,-20, ,
-1, ,-20, ,
-1, ,-20, ,
-1, ,-20, ,
0, ,-20, ,
-1, ,-20, ,
-2, ,-20, ,
-1, ,-20, ,
4, ,-20, ,
4, ,-20, ,
-4, ,-20, ,
-6, ,-20, ,
-4, ,-20, ,
0, ,-20, ,
1, ,-20, ,
-1, ,-20, ,
-4, ,-20, ,
-1, ,-20, ,
5, ,-20, ,
4, ,-20, ,
-2, ,-20, ,
-6, ,-20, ,
-4, ,-20, ,
0, ,-20, ,
1, ,-20, ,
0, ,-19, ,
0, ,-20, ,
-1, ,-20, ,
-1, ,-20, ,
-1, ,-20, ,
0, ,-20, ,
-1, ,-20, ,
-1, ,-20, ,
0, ,-20, ,
-1, ,-20, ,
-1, ,-20, ,
0, ,-20, ,
0, ,-20, ,
0, ,-20, ,
-1, ,-20, ,
-1, ,-20, ,
-1, ,-20, ,
0, ,-20, ,
0, ,-20, ,
0, ,-20, ,
0, ,-20, ,
0, ,-20, ,
0, ,-20, ,
-1, ,-20, ,
0, ,-20, ,
0, ,-20, ,
-1, ,-20, ,
-1, ,-20, ,
-1, ,-19, ,
-1, ,-20, ,
0, ,-20, ,
0, ,-20, ,
0, ,-20, ,
-1, ,-20, ,
-1, ,-20, ,
0, ,-20, ,
0, ,-19, ,
-1, ,-20, ,
0, ,-20, ,
-1, ,-20, ,
-1, ,-20, ,
0, ,-19, ,
0, ,-20, ,
0, ,-20, ,
-1, ,-20, ,
-1, ,-20, ,
0, ,-20, ,
0, ,-20, ,
-1, ,-19, ,
-1, ,-20, ,
-1, ,-20, ,
-1, ,-20, ,
-1, ,-20, ,
0, ,-20, ,
0, ,-20, ,
-1, ,-19, ,
0, ,-20, ,
0, ,-20, ,
0, ,-20, ,
-1, ,-20, ,
-1, ,-20, ,
0, ,-20, ,
-1, ,-20, ,
-1, ,-20, ,
-1, ,-20, ,
-1, ,-20, ,
0, ,-20, ,
0, ,-20, ,
0, ,-20, ,
0, ,-20, ,
-1, ,-20, ,
-1, ,-20, ,
0, ,-20, ,
0, ,-20, ,
0, ,-20, ,
0, ,-20, ,
0, ,-20, ,
0, ,-20, ,
0, ,-20, ,
0, ,-20, ,
0, ,-20, ,
0, ,-20, ,
0, ,-20, ,
0, ,-20, ,
0, ,-20, ,
0, ,-20, ,
-1, ,-20, ,
-1, ,-20, ,
-1, ,-19, ,
0, ,-19, ,
0, ,-20, ,
0, ,-20, ,
-1, ,-19, ,
-1, ,-20, ,
-1, ,-20, ,
0, ,-20, ,
1, ,-19, ,
1, ,-20, ,
0, ,-20, ,
-1, ,-20, ,
-2, ,-20, ,
-1, ,-20, ,
-1, ,-19, ,
0, ,-20, ,
0, ,-20, ,
0, ,-20, ,
-1, ,-20, ,
0, ,-20, ,
0, ,-20, ,
0, ,-20, ,
0, ,-20, ,
0, ,-20, ,
0, ,-19, ,
0, ,-20, ,
0, ,-20, ,
0, ,-20, ,
0, ,-20, ,
0, ,-20, ,
0, ,-20, ,
-1, ,-20, ,
-1, ,-20, ,
0, ,-20, ,
-1, ,-20, ,
-1, ,-20, ,
0, ,-20, ,
0, ,-20, ,
0, ,-20, ,
0, ,-19, ,
0, ,-20, ,
0, ,-20, ,
-1, ,-20, ,
-1, ,-20, ,
-1, ,-20, ,
-1, ,-20, ,
0, ,-20, ,
0, ,-20, ,
0, ,-19, ,
0, ,-20, ,
0, ,-20, ,
0, ,-20, ,
0, ,-19, ,
0, ,-20, ,
0, ,-20, ,
-1, ,-20, ,
0, ,-19, ,
0, ,-20, ,
0, ,-20, ,
0, ,-20, ,
-1, ,-20, ,
0, ,-20, ,
0, ,-20, ,
0, ,-20, ,
0, ,-19, ,
0, ,-20, ,
0, ,-20, ,
0, ,-19, ,
0, ,-20, ,
0, ,-20, ,
0, ,-20, ,
0, ,-20, ,
-1, ,-20, ,
-1, ,-20, ,
0, ,-20, ,
0, ,-19, ,
-1, ,-20, ,
0, ,-20, ,
0, ,-20, ,
0, ,-20, ,
0, ,-20, ,
0, ,-20, ,
-1, ,-20, ,
-1, ,-19, ,
-1, ,-20, ,
0, ,-20, ,
0, ,-20, ,
0, ,-20, ,
0, ,-19, ,
-1, ,-19, ,
-1, ,-20, ,
-1, ,-20, ,
0, ,-20, ,
0, ,-20, ,
-1, ,-20, ,
-1, ,-20, ,
-1, ,-19, ,
-1, ,-20, ,
-1, ,-20, ,
-1, ,-20, ,
-1, ,-19, ,
-1, ,-20, ,
-1, ,-20, ,
-1, ,-20, ,
-1, ,-20, ,
-1, ,-19, ,
-1, ,-20, ,
-1, ,-20, ,
-1, ,-20, ,
-1, ,-19, ,
-1, ,-20, ,
-1, ,-20, ,
-1, ,-20, ,
0, ,-19, ,
-1, ,-19, ,
-1, ,-20, ,
-1, ,-20, ,
-1, ,-20, ,
0, ,-20, ,
-1, ,-20, ,
-1, ,-20, ,
0, ,-20, ,
0, ,-20, ,
-1, ,-20, ,
-1, ,-20, ,
-1, ,-20, ,
-1, ,-20, ,
-1, ,-20, ,
-1, ,-20, ,
-1, ,-19, ,
-2, ,-20, ,
-1, ,-20, ,
4, ,-19, ,
5, ,-20, ,
-4, ,-19, ,
-6, ,-20, ,
-1, ,-20, ,
1, ,-20, ,
0, ,-19, ,
-1, ,-20, ,
0, ,-20, ,
-1, ,-20, ,
-1, ,-20, ,
-1, ,-20, ,
0, ,-20, ,
1, ,-19, ,
0, ,-20, ,
-2, ,-20, ,
-2, ,-20, ,
-2, ,-19, ,
0, ,-20, ,
1, ,-20, ,
1, ,-20, ,
0, ,-20, ,
0, ,-20, ,
-1, ,-20, ,
-1, ,-20, ,
-1, ,-20, ,
0, ,-20, ,
0, ,-20, ,
0, ,-20, ,
0, ,-20, ,
-1, ,-20, ,
0, ,-20, ,
-1, ,-19, ,
0, ,-20, ,
0, ,-20, ,
0, ,-20, ,
0, ,-20, ,
0, ,-19, ,
0, ,-20, ,
0, ,-20, ,
-1, ,-20, ,
-1, ,-20, ,
0, ,-20, ,
0, ,-20, ,
0, ,-19, ,
0, ,-19, ,
0, ,-20, ,
-1, ,-20, ,
-1, ,-20, ,
-1, ,-20, ,
-1, ,-19, ,
-1, ,-20, ,
0, ,-20, ,
0, ,-20, ,
0, ,-20, ,
0, ,-20, ,
0, ,-20, ,
-1, ,-20, ,
-1, ,-20, ,
0, ,-20, ,
0, ,-20, ,
-1, ,-20, ,
-1, ,-20, ,
-1, ,-20, ,
-1, ,-20, ,
-1, ,-19, ,
1, ,-20, ,
1, ,-20, ,
-1, ,-20, ,
-4, ,-19, ,
-2, ,-20, ,
-1, ,-20, ,
0, ,-20, ,
0, ,-20, ,
0, ,-20, ,
-1, ,-20, ,
0, ,-19, ,
0, ,-20, ,
-1, ,-20, ,
-1, ,-20, ,
-1, ,-19, ,
-1, ,-20, ,
0, ,-20, ,
0, ,-20, ,
0, ,-19, ,
-1, ,-20, ,
-1, ,-20, ,
0, ,-20, ,
0, ,-20, ,
-1, ,-20, ,
-1, ,-20, ,
-1, ,-20, ,
-1, ,-20, ,
0, ,-20, ,
-1, ,-20, ,
-2, ,-20, ,
-1, ,-20, ,
0, ,-20, ,
-1, ,-20, ,
-1, ,-20, ,
0, ,-20, ,
-1, ,-20, ,
0, ,-20, ,
-1, ,-19, ,
-1, ,-19, ,
0, ,-20, ,
0, ,-20, ,
-1, ,-20, ,
-1, ,-20, ,
-1, ,-19, ,
0, ,-20, ,
0, ,-20, ,
-1, ,-19, ,
-1, ,-20, ,
0, ,-20, ,
0, ,-19, ,
0, ,-20, ,
-1, ,-19, ,
-2, ,-20, ,
-2, ,-19, ,
-1, ,-20, ,
0, ,-20, ,
0, ,-19, ,
0, ,-20, ,
-1, ,-19, ,
-1, ,-20, ,
-1, ,-20, ,
0, ,-20, ,
0, ,-19, ,
0, ,-20, ,
-1, ,-20, ,
-1, ,-20, ,
-1, ,-20, ,
-1, ,-19, ,
0, ,-20, ,
0, ,-20, ,
0, ,-20, ,
0, ,-20, ,
0, ,-20, ,
0, ,-20, ,
0, ,-20, ,
-1, ,-20, ,
0, ,-20, ,
-1, ,-19, ,
-1, ,-20, ,
0, ,-20, ,
-1, ,-20, ,
-1, ,-20, ,
-1, ,-19, ,
0, ,-20, ,
0, ,-20, ,
0, ,-20, ,
-1, ,-20, ,
-1, ,-20, ,
-1, ,-20, ,
-1, ,-20, ,
-1, ,-19, ,
0, ,-20, ,
0, ,-20, ,
0, ,-20, ,
0, ,-20, ,
0, ,-20, ,
0, ,-20, ,
-1, ,-20, ,
-1, ,-19, ,
0, ,-20, ,
0, ,-19, ,
0, ,-20, ,
-1, ,-19, ,
0, ,-20, ,
0, ,-20, ,
0, ,-19, ,
0, ,-20, ,
-1, ,-20, ,
-1, ,-20, ,
-1, ,-20, ,
0, ,-20, ,
0, ,-20, ,
0, ,-20, ,
0, ,-20, ,
0, ,-20, ,
0, ,-19, ,
0, ,-19, ,
0, ,-19, ,
-1, ,-20, ,
0, ,-19, ,
0, ,-19, ,
-1, ,-19, ,
-1, ,-19, ,
-1, ,-20, ,
0, ,-20, ,
1, ,-20, ,
0, ,-20, ,
-1, ,-20, ,
-1, ,-20, ,
-1, ,-20, ,
0, ,-20, ,
0, ,-20, ,
0, ,-20, ,
-1, ,-19, ,
-1, ,-19, ,
-1, ,-20, ,
-1, ,-20, ,
0, ,-20, ,
0, ,-20, ,
0, ,-19, ,
0, ,-20, ,
0, ,-20, ,
0, ,-20, ,
-1, ,-20, ,
-1, ,-20, ,
-1, ,-20, ,
-1, ,-19, ,
-1, ,-20, ,
-1, ,-20, ,
-1, ,-20, ,
-1, ,-19, ,
0, ,-20, ,
0, ,-20, ,
0, ,-20, ,
0, ,-20, ,
0, ,-19, ,
0, ,-20, ,
-1, ,-20, ,
-1, ,-20, ,
0, ,-20, ,
-1, ,-20, ,
-1, ,-20, ,
-1, ,-20, ,
0, ,-19, ,
0, ,-20, ,
-1, ,-20, ,
-1, ,-20, ,
0, ,-20, ,
0, ,-19, ,
0, ,-20, ,
-1, ,-20, ,
0, ,-20, ,
0, ,-19, ,
1, ,-20, ,
0, ,-20, ,
-1, ,-20, ,
-2, ,-20, ,
-1, ,-20, ,
0, ,-20, ,
0, ,-20, ,
0, ,-20, ,
0, ,-20, ,
0, ,-20, ,
-1, ,-20, ,
-1, ,-19, ,
0, ,-20, ,
0, ,-20, ,
0, ,-19, ,
0, ,-19, ,
0, ,-19, ,
0, ,-20, ,
0, ,-20, ,
0, ,-20, ,
0, ,-20, ,
0, ,-19, ,
0, ,-19, ,
-1, ,-19, ,
-1, ,-20, ,
-1, ,-19, ,
-1, ,-20, ,
0, ,-20, ,
0, ,-20, ,
0, ,-19, ,
-1, ,-19, ,
-1, ,-20, ,
0, ,-20, ,
-1, ,-20, ,
-1, ,-20, ,
-1, ,-19, ,
-1, ,-20, ,
-1, ,-19, ,
1, ,-20, ,
0, ,-20, ,
-1, ,-20, ,
-1, ,-20, ,
-1, ,-20, ,
0, ,-20, ,
0, ,-19, ,
0, ,-20, ,
0, ,-19, ,
-1, ,-20, ,
-1, ,-20, ,
-1, ,-20, ,
0, ,-20, ,
0, ,-20, ,
0, ,-20, ,
0, ,-20, ,
-1, ,-20, ,
0, ,-20, ,
-1, ,-20, ,
-1, ,-20, ,
-1, ,-20, ,
0, ,-20, ,
0, ,-20, ,
0, ,-19, ,
0, ,-19, ,
0, ,-20, ,
-1, ,-19, ,
-1, ,-20, ,
-1, ,-20, ,
-1, ,-20, ,
-1, ,-19, ,
0, ,-20, ,
0, ,-20, ,
0, ,-19, ,
0, ,-19, ,
-1, ,-19, ,
-1, ,-20, ,
-1, ,-20, ,
0, ,-20, ,
0, ,-19, ,
0, ,-20, ,
-1, ,-20, ,
-1, ,-20, ,
-1, ,-20, ,
-1, ,-20, ,
-1, ,-20, ,
0, ,-20, ,
0, ,-20, ,
0, ,-20, ,
0, ,-20, ,
-1, ,-20, ,
-1, ,-19, ,
-1, ,-20, ,
-1, ,-20, ,
0, ,-20, ,
0, ,-19, ,
0, ,-20, ,
-1, ,-20, ,
-1, ,-20, ,
-1, ,-20, ,
-1, ,-19, ,
-1, ,-20, ,
0, ,-20, ,
-1, ,-20, ,
0, ,-20, ,
0, ,-20, ,
0, ,-19, ,
0, ,-20, ,
0, ,-20, ,
-1, ,-20, ,
-1, ,-20, ,
-1, ,-19, ,
0, ,-20, ,
0, ,-20, ,
0, ,-20, ,
-1, ,-20, ,
-1, ,-20, ,
-1, ,-20, ,
0, ,-20, ,
-1, ,-19, ,
0, ,-20, ,
0, ,-20, ,
0, ,-19, ,
0, ,-19, ,
0, ,-20, ,
-1, ,-20, ,
-1, ,-20, ,
-1, ,-19, ,
-1, ,-20, ,
0, ,-19, ,
0, ,-20, ,
0, ,-19, ,
-1, ,-20, ,
0, ,-20, ,
-1, ,-20, ,
-1, ,-20, ,
-1, ,-20, ,
0, ,-20, ,
-1, ,-20, ,
0, ,-20, ,
0, ,-20, ,
0, ,-20, ,
-1, ,-19, ,
-1, ,-19, ,
-1, ,-19, ,
-1, ,-19, ,
0, ,-20, ,
0, ,-20, ,
0, ,-20, ,
0, ,-20, ,
-1, ,-20, ,
-1, ,-20, ,
0, ,-19, ,
0, ,-20, ,
-1, ,-20, ,
-1, ,-20, ,
-1, ,-19, ,
0, ,-20, ,
0, ,-20, ,
0, ,-20, ,
0, ,-19, ,
-1, ,-20, ,
-1, ,-20, ,
-1, ,-20, ,
-1, ,-20, ,
-1, ,-20, ,
-2, ,-20, ,
4, ,-19, ,
4, ,-19, ,
-4, ,-20, ,
-10, ,-20, ,
1, ,-20, ,
1, ,-20, ,
-1, ,-20, ,
0, ,-20, ,
-1, ,-20, ,
-1, ,-20, ,
0, ,-20, ,
0, ,-20, ,
0, ,-20, ,
0, ,-20, ,
0, ,-20, ,
-1, ,-20, ,
0, ,-20, ,
-1, ,-20, ,
-1, ,-20, ,
-1, ,-20, ,
-1, ,-20, ,
0, ,-20, ,
0, ,-20, ,
0, ,-20, ,
0, ,-20, ,
-1, ,-19, ,
-1, ,-20, ,
-1, ,-20, ,
-1, ,-20, ,
-1, ,-19, ,
0, ,-20, ,
0, ,-20, ,
0, ,-20, ,
0, ,-19, ,
0, ,-20, ,
-1, ,-20, ,
0, ,-20, ,
-1, ,-19, ,
-1, ,-20, ,
-1, ,-19, ,
0, ,-20, ,
-1, ,-19, ,
-1, ,-20, ,
0, ,-20, ,
-1, ,-20, ,
-1, ,-20, ,
-1, ,-20, ,
0, ,-20, ,
0, ,-20, ,
0, ,-20, ,
-1, ,-20, ,
-1, ,-20, ,
-1, ,-19, ,
0, ,-20, ,
-1, ,-19, ,
-1, ,-20, ,
0, ,-20, ,
0, ,-19, ,
0, ,-20, ,
-1, ,-20, ,
0, ,-20, ,
-1, ,-19, ,
-1, ,-20, ,
-1, ,-19, ,
-1, ,-19, ,
-1, ,-20, ,
-1, ,-19, ,
-1, ,-20, ,
-1, ,-20, ,
-1, ,-20, ,
-1, ,-20, ,
-1, ,-19, ,
0, ,-19, ,
0, ,-19, ,
0, ,-20, ,
0, ,-20, ,
0, ,-20, ,
0, ,-20, ,
0, ,-20, ,
0, ,-20, ,
0, ,-20, ,
0, ,-20, ,
-1, ,-19, ,
-1, ,-20, ,
-1, ,-20, ,
-1, ,-20, ,
0, ,-20, ,
-1, ,-20, ,
0, ,-20, ,
0, ,-19, ,
0, ,-19, ,
-1, ,-20, ,
-1, ,-20, ,
-1, ,-20, ,
-1, ,-20, ,
-1, ,-20, ,
0, ,-19, ,
0, ,-20, ,
0, ,-20, ,
0, ,-20, ,
0, ,-19, ,
0, ,-20, ,
0, ,-20, ,
-1, ,-19, ,
-1, ,-19, ,
0, ,-20, ,
-1, ,-20, ,
-1, ,-19, ,
-1, ,-20, ,
0, ,-20, ,
-1, ,-20, ,
-1, ,-20, ,
0, ,-20, ,
0, ,-19, ,
-1, ,-20, ,
0, ,-20, ,
0, ,-20, ,
0, ,-20, ,
-1, ,-20, ,
-1, ,-20, ,
-1, ,-20, ,
-1, ,-20, ,
-1, ,-20, ,
-1, ,-20, ,
-1, ,-20, ,
-1, ,-20, ,
0, ,-20, ,
0, ,-20, ,
0, ,-19, ,
0, ,-19, ,
0, ,-20, ,
0, ,-20, ,
0, ,-20, ,
-1, ,-20, ,
-1, ,-19, ,
-1, ,-20, ,
-1, ,-20, ,
-1, ,-20, ,
-1, ,-20, ,
0, ,-20, ,
0, ,-19, ,
0, ,-20, ,
0, ,-19, ,
0, ,-20, ,
0, ,-19, ,
0, ,-19, ,
-1, ,-20, ,
-1, ,-20, ,
-1, ,-19, ,
-1, ,-20, ,
-1, ,-20, ,
0, ,-20, ,
0, ,-19, ,
-1, ,-20, ,
-1, ,-20, ,
-1, ,-20, ,
1, ,-20, ,
2, ,-20, ,
-2, ,-20, ,
-6, ,-20, ,
-1, ,-20, ,
1, ,-20, ,
0, ,-19, ,
0, ,-19, ,
0, ,-20, ,
-1, ,-19, ,
-1, ,-20, ,
-1, ,-20, ,
-1, ,-20, ,
-1, ,-19, ,
-1, ,-20, ,
0, ,-19, ,
1, ,-20, ,
0, ,-19, ,
-2, ,-20, ,
-2, ,-20, ,
-1, ,-19, ,
0, ,-20, ,
0, ,-20, ,
-1, ,-20, ,
-1, ,-20, ,
-1, ,-20, ,
-1, ,-20, ,
0, ,-19, ,
0, ,-20, ,
0, ,-20, ,
-1, ,-19, ,
-1, ,-20, ,
-1, ,-20, ,
-1, ,-20, ,
0, ,-20, ,
0, ,-20, ,
0, ,-20, ,
0, ,-19, ,
0, ,-19, ,
0, ,-20, ,
0, ,-20, ,
0, ,-19, ,
-1, ,-20, ,
-2, ,-20, ,
-1, ,-19, ,
0, ,-19, ,
0, ,-20, ,
-1, ,-19, ,
0, ,-20, ,
0, ,-19, ,
-1, ,-20, ,
-1, ,-20, ,
0, ,-19, ,
0, ,-20, ,
0, ,-20, ,
-1, ,-20, ,
0, ,-20, ,
0, ,-19, ,
0, ,-20, ,
-1, ,-20, ,
-1, ,-19, ,
0, ,-19, ,
0, ,-20, ,
0, ,-20, ,
-1, ,-19, ,
-1, ,-19, ,
-1, ,-20, ,
-1, ,-20, ,
0, ,-19, ,
0, ,-20, ,
0, ,-20, ,
-1, ,-20, ,
-1, ,-20, ,
0, ,-20, ,
0, ,-20, ,
0, ,-20, ,
0, ,-19, ,
0, ,-19, ,
-1, ,-20, ,
0, ,-20, ,
0, ,-20, ,
0, ,-20, ,
0, ,-20, ,
-1, ,-20, ,
-1, ,-20, ,
-1, ,-19, ,
0, ,-20, ,
0, ,-20, ,
0, ,-19, ,
-1, ,-20, ,
0, ,-20, ,
0, ,-20, ,
0, ,-20, ,
0, ,-20, ,
-1, ,-20, ,
-1, ,-19, ,
-1, ,-20, ,
0, ,-20, ,
-1, ,-20, ,
0, ,-20, ,
0, ,-20, ,
0, ,-20, ,
0, ,-19, ,
-1, ,-20, ,
-1, ,-19, ,
-1, ,-20, ,
-1, ,-20, ,
0, ,-20, ,
-1, ,-19, ,
-1, ,-20, ,
0, ,-20, ,
-1, ,-20, ,
-1, ,-20, ,
-1, ,-20, ,
1, ,-20, ,
1, ,-20, ,
-1, ,-19, ,
-4, ,-19, ,
-1, ,-20, ,
0, ,-20, ,
0, ,-20, ,
-1, ,-20, ,
-1, ,-20, ,
-1, ,-20, ,
-1, ,-20, ,
0, ,-20, ,
-1, ,-19, ,
-1, ,-20, ,
-1, ,-20, ,
-1, ,-20, ,
-1, ,-20, ,
-1, ,-20, ,
0, ,-20, ,
0, ,-20, ,
-1, ,-20, ,
-1, ,-20, ,
0, ,-19, ,
0, ,-20, ,
0, ,-20, ,
-1, ,-20, ,
-1, ,-20, ,
-1, ,-19, ,
-1, ,-20, ,
-1, ,-20, ,
-1, ,-20, ,
-1, ,-20, ,
-1, ,-20, ,
-1, ,-20, ,
0, ,-19, ,
0, ,-20, ,
0, ,-19, ,
0, ,-20, ,
0, ,-20, ,
0, ,-19, ,
0, ,-20, ,
-1, ,-20, ,
-1, ,-20, ,
-1, ,-20, ,
0, ,-20, ,
-1, ,-20, ,
-1, ,-20, ,
-1, ,-20, ,
-1, ,-20, ,
-1, ,-20, ,
0, ,-20, ,
0, ,-19, ,
0, ,-20, ,
-1, ,-20, ,
-1, ,-19, ,
-1, ,-20, ,
0, ,-20, ,
0, ,-20, ,
0, ,-19, ,
0, ,-20, ,
0, ,-20, ,
-1, ,-20, ,
0, ,-20, ,
0, ,-20, ,
-1, ,-20, ,
-1, ,-20, ,
-1, ,-19, ,
0, ,-19, ,
-1, ,-19, ,
-1, ,-19, ,
0, ,-20, ,
1, ,-20, ,
0, ,-20, ,
-2, ,-20, ,
-1, ,-20, ,
0, ,-20, ,
0, ,-20, ,
0, ,-20, ,
0, ,-20, ,
0, ,-20, ,
0, ,-20, ,
0, ,-20, ,
0, ,-20, ,
0, ,-20, ,
-1, ,-20, ,
-1, ,-19, ,
0, ,-20, ,
0, ,-19, ,
0, ,-20, ,
0, ,-20, ,
-1, ,-19, ,
-1, ,-20, ,
-1, ,-19, ,
-1, ,-20, ,
0, ,-20, ,
0, ,-20, ,
0, ,-19, ,
-1, ,-20, ,
-1, ,-19, ,
-1, ,-20, ,
0, ,-19, ,
0, ,-19, ,
0, ,-20, ,
0, ,-19, ,
0, ,-20, ,
0, ,-20, ,
0, ,-20, ,
0, ,-19, ,
-1, ,-20, ,
-1, ,-20, ,
0, ,-20, ,
0, ,-19, ,
0, ,-20, ,
-1, ,-20, ,
-1, ,-20, ,
0, ,-20, ,
0, ,-20, ,
0, ,-20, ,
-1, ,-20, ,
-1, ,-20, ,
0, ,-20, ,
-1, ,-20, ,
0, ,-20, ,
0, ,-20, ,
0, ,-19, ,
-1, ,-20, ,
-1, ,-20, ,
-1, ,-20, ,
0, ,-20, ,
0, ,-20, ,
0, ,-20, ,
0, ,-19, ,
0, ,-20, ,
0, ,-20, ,
-1, ,-20, ,
-1, ,-20, ,
-1, ,-20, ,
-1, ,-20, ,
0, ,-20, ,
0, ,-20, ,
-1, ,-20, ,
0, ,-20, ,
0, ,-20, ,
0, ,-20, ,
-1, ,-20, ,
-1, ,-20, ,
-1, ,-19, ,
-1, ,-19, ,
-1, ,-20, ,
-1, ,-20, ,
-1, ,-20, ,
-1, ,-20, ,
-1, ,-20, ,
-1, ,-19, ,
-1, ,-20, ,
-1, ,-20, ,
-1, ,-20, ,
-1, ,-20, ,
-1, ,-20, ,
-1, ,-20, ,
0, ,-20, ,
0, ,-20, ,
0, ,-19, ,
0, ,-19, ,
-1, ,-20, ,
-1, ,-20, ,
-1, ,-20, ,
0, ,-20, ,
0, ,-20, ,
-1, ,-20, ,
-1, ,-19, ,
0, ,-20, ,
0, ,-20, ,
0, ,-19, ,
0, ,-20, ,
0, ,-20, ,
0, ,-20, ,
0, ,-20, ,
-1, ,-19, ,
-1, ,-20, ,
-1, ,-19, ,
-1, ,-20, ,
-1, ,-20, ,
-1, ,-20, ,
0, ,-20, ,
0, ,-20, ,
-1, ,-20, ,
-2, ,-20, ,
-1, ,-20, ,
-1, ,-20, ,
0, ,-19, ,
-1, ,-20, ,
-1, ,-19, ,
0, ,-20, ,
0, ,-19, ,
-1, ,-20, ,
0, ,-19, ,
0, ,-19, ,
0, ,-20, ,
0, ,-20, ,
0, ,-20, ,
-1, ,-20, ,
-1, ,-19, ,
-1, ,-20, ,
-1, ,-20, ,
-1, ,-20, ,
-1, ,-20, ,
-1, ,-20, ,
-1, ,-20, ,
-1, ,-20, ,
-1, ,-20, ,
0, ,-19, ,
0, ,-19, ,
0, ,-20, ,
0, ,-19, ,
-1, ,-20, ,
-1, ,-20, ,
-1, ,-19, ,
-1, ,-19, ,
-1, ,-20, ,
-1, ,-20, ,
0, ,-20, ,
0, ,-20, ,
0, ,-19, ,
0, ,-20, ,
-1, ,-20, ,
-1, ,-20, ,
-1, ,-20, ,
-1, ,-20, ,
1, ,-20, ,
1, ,-20, ,
-1, ,-20, ,
-2, ,-20, ,
-1, ,-20, ,
0, ,-19, ,
0, ,-19, ,
-1, ,-20, ,
-1, ,-20, ,
-1, ,-20, ,
0, ,-19, ,
0, ,-19, ,
0, ,-20, ,
0, ,-20, ,
0, ,-19, ,
0, ,-20, ,
-1, ,-20, ,
-1, ,-20, ,
-1, ,-20, ,
-1, ,-20, ,
-1, ,-20, ,
-1, ,-20, ,
0, ,-20, ,
-1, ,-20, ,
-1, ,-20, ,
-1, ,-20, ,
-1, ,-20, ,
0, ,-20, ,
-1, ,-19, ,
-1, ,-19, ,
0, ,-20, ,
0, ,-20, ,
0, ,-20, ,
0, ,-20, ,
-1, ,-20, ,
0, ,-20, ,
0, ,-20, ,
-1, ,-19, ,
-1, ,-20, ,
0, ,-20, ,
0, ,-20, ,
-1, ,-20, ,
-1, ,-20, ,
0, ,-20, ,
0, ,-20, ,
-1, ,-20, ,
-1, ,-19, ,
-1, ,-20, ,
0, ,-20, ,
-1, ,-20, ,
0, ,-19, ,
0, ,-20, ,
-1, ,-20, ,
0, ,-20, ,
0, ,-20, ,
0, ,-19, ,
0, ,-20, ,
-1, ,-20, ,
-1, ,-19, ,
-1, ,-20, ,
-1, ,-20, ,
-1, ,-20, ,
-1, ,-20, ,
-1, ,-20, ,
-1, ,-19, ,
-1, ,-20, ,
0, ,-20, ,
0, ,-20, ,
0, ,-20, ,
0, ,-19, ,
0, ,-19, ,
0, ,-20, ,
0, ,-20, ,
0, ,-20, ,
0, ,-20, ,
-1, ,-20, ,
0, ,-20, ,
0, ,-20, ,
0, ,-20, ,
0, ,-20, ,
-1, ,-20, ,
0, ,-19, ,
0, ,-20, ,
-1, ,-20, ,
-1, ,-20, ,
0, ,-19, ,
0, ,-19, ,
0, ,-20, ,
-1, ,-20, ,
-1, ,-20, ,
-1, ,-20, ,
0, ,-20, ,
0, ,-20, ,
-1, ,-19, ,
-1, ,-20, ,
0, ,-19, ,
0, ,-20, ,
0, ,-20, ,
-1, ,-20, ,
0, ,-20, ,
0, ,-20, ,
0, ,-20, ,
0, ,-19, ,
0, ,-20, ,
-1, ,-20, ,
-1, ,-20, ,
-1, ,-20, ,
-1, ,-20, ,
0, ,-20, ,
-1, ,-19, ,
-1, ,-19, ,
-1, ,-20, ,
-1, ,-20, ,
0, ,-20, ,
0, ,-20, ,
0, ,-20, ,
0, ,-20, ,
-1, ,-20, ,
-1, ,-20, ,
-1, ,-20, ,
0, ,-20, ,
0, ,-20, ,
0, ,-20, ,
0, ,-20, ,
0, ,-20, ,
-1, ,-20, ,
-2, ,-19, ,
-4, ,-19, ,
0, ,-20, ,
1, ,-20, ,
0, ,-20, ,
-1, ,-20, ,
-1, ,-20, ,
-1, ,-20, ,
0, ,-20, ,
0, ,-19, ,
0, ,-20, ,
0, ,-20, ,
-1, ,-20, ,
-1, ,-19, ,
-1, ,-20, ,
-1, ,-19, ,
-1, ,-20, ,
0, ,-20, ,
0, ,-20, ,
0, ,-20, ,
0, ,-20, ,
0, ,-20, ,
-1, ,-20, ,
-1, ,-19, ,
-1, ,-19, ,
-1, ,-20, ,
-1, ,-20, ,
0, ,-19, ,
0, ,-20, ,
0, ,-19, ,
0, ,-19, ,
0, ,-19, ,
-1, ,-20, ,
-1, ,-20, ,
-1, ,-20, ,
-1, ,-20, ,
-1, ,-20, ,
0, ,-20, ,
0, ,-20, ,
0, ,-20, ,
0, ,-20, ,
0, ,-20, ,
-1, ,-20, ,
-1, ,-20, ,
-1, ,-20, ,
0, ,-20, ,
0, ,-20, ,
-1, ,-19, ,
-1, ,-19, ,
-1, ,-20, ,
-1, ,-20, ,
0, ,-19, ,
0, ,-19, ,
0, ,-20, ,
0, ,-19, ,
0, ,-19, ,
-1, ,-20, ,
0, ,-20, ,
0, ,-20, ,
0, ,-20, ,
0, ,-19, ,
-1, ,-20, ,
-1, ,-20, ,
-1, ,-20, ,
-1, ,-19, ,
-1, ,-20, ,
0, ,-20, ,
-1, ,-20, ,
0, ,-20, ,
-1, ,-20, ,
-1, ,-20, ,
-1, ,-20, ,
-1, ,-19, ,
0, ,-20, ,
0, ,-19, ,
0, ,-19, ,
0, ,-20, ,
0, ,-20, ,
0, ,-19, ,
0, ,-19, ,
0, ,-20, ,
0, ,-20, ,
-1, ,-20, ,
-1, ,-20, ,
-1, ,-20, ,
0, ,-20, ,
0, ,-20, ,
0, ,-19, ,
-1, ,-20, ,
0, ,-20, ,
-1, ,-20, ,
-1, ,-19, ,
0, ,-20, ,
0, ,-20, ,
0, ,-20, ,
-1, ,-19, ,
-1, ,-19, ,
0, ,-19, ,
0, ,-20, ,
-1, ,-20, ,
-1, ,-19, ,
-1, ,-20, ,
-1, ,-20, ,
-1, ,-20, ,
0, ,-19, ,
1, ,-20, ,
-1, ,-20, ,
-2, ,-20, ,
-1, ,-19, ,
0, ,-19, ,
0, ,-20, ,
0, ,-19, ,
-1, ,-20, ,
-1, ,-20, ,
0, ,-20, ,
0, ,-20, ,
0, ,-20, ,
0, ,-20, ,
-1, ,-20, ,
0, ,-19, ,
1, ,-19, ,
-1, ,-20, ,
-2, ,-20, ,
-1, ,-20, ,
0, ,-19, ,
-1, ,-20, ,
-1, ,-20, ,
0, ,-20, ,
0, ,-19, ,
0, ,-19, ,
-1, ,-20, ,
-1, ,-20, ,
-1, ,-20, ,
0, ,-20, ,
-1, ,-19, ,
-1, ,-19, ,
-1, ,-20, ,
0, ,-20, ,
0, ,-20, ,
0, ,-20, ,
-1, ,-19, ,
-1, ,-20, ,
0, ,-20, ,
0, ,-20, ,
0, ,-20, ,
-1, ,-20, ,
-1, ,-20, ,
-1, ,-20, ,
0, ,-19, ,
0, ,-20, ,
0, ,-20, ,
0, ,-19, ,
-1, ,-20, ,
-1, ,-19, ,
0, ,-20, ,
0, ,-20, ,
0, ,-20, ,
0, ,-20, ,
-1, ,-19, ,
-1, ,-20, ,
-1, ,-20, ,
0, ,-20, ,
0, ,-20, ,
0, ,-20, ,
0, ,-20, ,
0, ,-20, ,
-1, ,-20, ,
-1, ,-20, ,
-1, ,-20, ,
-1, ,-20, ,
0, ,-20, ,
0, ,-19, ,
0, ,-20, ,
-1, ,-20, ,
-1, ,-20, ,
-1, ,-20, ,
-1, ,-20, ,
0, ,-19, ,
0, ,-20, ,
0, ,-20, ,
-1, ,-19, ,
-1, ,-20, ,
-1, ,-20, ,
0, ,-20, ,
0, ,-19, ,
0, ,-20, ,
0, ,-19, ,
0, ,-20, ,
-1, ,-20, ,
-1, ,-20, ,
-1, ,-20, ,
0, ,-20, ,
0, ,-20, ,
-1, ,-20, ,
0, ,-20, ,
-1, ,-19, ,
0, ,-19, ,
0, ,-20, ,
0, ,-19, ,
-1, ,-19, ,
-1, ,-20, ,
-1, ,-20, ,
-1, ,-20, ,
-1, ,-19, ,
-1, ,-19, ,
-1, ,-20, ,
0, ,-20, ,
0, ,-20, ,
-1, ,-20, ,
-1, ,-20, ,
0, ,-20, ,
0, ,-20, ,
0, ,-20, ,
0, ,-20, ,
-1, ,-20, ,
-1, ,-19, ,
-1, ,-19, ,
0, ,-20, ,
1, ,-20, ,
0, ,-19, ,
-2, ,-20, ,
-2, ,-19, ,
-1, ,-20, ,
0, ,-19, ,
0, ,-20, ,
0, ,-20, ,
0, ,-19, ,
-1, ,-20, ,
-1, ,-20, ,
-1, ,-20, ,
-1, ,-19, ,
0, ,-19, ,
0, ,-20, ,
0, ,-20, ,
-1, ,-20, ,
0, ,-20, ,
-1, ,-20, ,
-1, ,-20, ,
-1, ,-20, ,
-1, ,-20, ,
0, ,-20, ,
-1, ,-20, ,
-1, ,-19, ,
-1, ,-19, ,
-1, ,-19, ,
-1, ,-20, ,
0, ,-20, ,
0, ,-20, ,
-1, ,-20, ,
-1, ,-20, ,
-1, ,-19, ,
-1, ,-19, ,
-1, ,-20, ,
-1, ,-20, ,
0, ,-20, ,
0, ,-19, ,
-1, ,-20, ,
0, ,-20, ,
0, ,-20, ,
0, ,-20, ,
-1, ,-20, ,
-1, ,-20, ,
-1, ,-20, ,
0, ,-19, ,
0, ,-20, ,
0, ,-20, ,
-1, ,-19, ,
-1, ,-20, ,
0, ,-19, ,
0, ,-20, ,
-1, ,-20, ,
-1, ,-20, ,
-1, ,-20, ,
0, ,-20, ,
1, ,-20, ,
-1, ,-20, ,
-2, ,-19, ,
-1, ,-19, ,
0, ,-20, ,
0, ,-20, ,
-1, ,-20, ,
0, ,-20, ,
0, ,-20, ,
0, ,-20, ,
0, ,-20, ,
-1, ,-20, ,
-1, ,-20, ,
0, ,-19, ,
0, ,-19, ,
-1, ,-20, ,
-1, ,-20, ,
0, ,-20, ,
0, ,-20, ,
0, ,-20, ,
-1, ,-19, ,
-1, ,-20, ,
-1, ,-20, ,
0, ,-20, ,
-1, ,-20, ,
0, ,-20, ,
-1, ,-20, ,
-1, ,-20, ,
-1, ,-20, ,
-1, ,-20, ,
0, ,-20, ,
0, ,-20, ,
0, ,-20, ,
-1, ,-20, ,
-1, ,-20, ,
-1, ,-20, ,
-1, ,-20, ,
0, ,-20, ,
0, ,-20, ,
0, ,-20, ,
0, ,-20, ,
-1, ,-20, ,
-1, ,-19, ,
-1, ,-19, ,
0, ,-20, ,
0, ,-20, ,
-1, ,-19, ,
0, ,-20, ,
0, ,-20, ,
0, ,-20, ,
0, ,-20, ,
0, ,-20, ,
0, ,-20, ,
0, ,-19, ,
-1, ,-19, ,
0, ,-20, ,
-1, ,-20, ,
-1, ,-20, ,
-1, ,-20, ,
0, ,-20, ,
-1, ,-20, ,
0, ,-20, ,
0, ,-20, ,
0, ,-20, ,
-1, ,-20, ,
-1, ,-20, ,
0, ,-20, ,
0, ,-20, ,
0, ,-19, ,
0, ,-19, ,
0, ,-20, ,
-1, ,-20, ,
-1, ,-20, ,
-1, ,-20, ,
0, ,-20, ,
0, ,-20, ,
-1, ,-20, ,
-1, ,-20, ,
0, ,-20, ,
0, ,-20, ,
0, ,-19, ,
-1, ,-20, ,
-1, ,-20, ,
-1, ,-20, ,
0, ,-20, ,
0, ,-19, ,
0, ,-19, ,
0, ,-20, ,
0, ,-20, ,
0, ,-20, ,
0, ,-20, ,
-1, ,-20, ,
-1, ,-20, ,
-1, ,-19, ,
0, ,-20, ,
0, ,-20, ,
-1, ,-20, ,
0, ,-20, ,
0, ,-20, ,
0, ,-20, ,
0, ,-20, ,
0, ,-20, ,
-1, ,-19, ,
-1, ,-20, ,
-1, ,-20, ,
0, ,-20, ,
0, ,-20, ,
0, ,-20, ,
0, ,-20, ,
-1, ,-20, ,
-1, ,-20, ,
-1, ,-20, ,
-1, ,-20, ,
-1, ,-20, ,
-1, ,-20, ,
-1, ,-20, ,
0, ,-20, ,
0, ,-20, ,
0, ,-20, ,
0, ,-20, ,
0, ,-20, ,
-1, ,-20, ,
0, ,-20, ,
0, ,-20, ,
0, ,-20, ,
-1, ,-20, ,
-1, ,-20, ,
-1, ,-20, ,
-1, ,-20, ,
-1, ,-20, ,
-1, ,-20, ,
-1, ,-20, ,
-1, ,-20, ,
0, ,-20, ,
0, ,-20, ,
0, ,-20, ,
0, ,-19, ,
0, ,-20, ,
0, ,-20, ,
0, ,-20, ,
0, ,-19, ,
0, ,-19, ,
-1, ,-20, ,
-1, ,-20, ,
0, ,-20, ,
0, ,-20, ,
0, ,-20, ,
0, ,-20, ,
-1, ,-19, ,
0, ,-19, ,
-1, ,-20, ,
-1, ,-20, ,
-1, ,-19, ,
-1, ,-20, ,
-1, ,-20, ,
0, ,-20, ,
0, ,-20, ,
-1, ,-19, ,
0, ,-20, ,
0, ,-20, ,
0, ,-19, ,
-1, ,-20, ,
-1, ,-20, ,
0, ,-20, ,
0, ,-20, ,
0, ,-19, ,
-1, ,-20, ,
0, ,-20, ,
-1, ,-20, ,
0, ,-20, ,
0, ,-20, ,
0, ,-20, ,
-1, ,-20, ,
0, ,-20, ,
-1, ,-19, ,
-1, ,-20, ,
0, ,-20, ,
0, ,-20, ,
0, ,-20, ,
-1, ,-20, ,
-1, ,-20, ,
0, ,-19, ,
0, ,-20, ,
0, ,-20, ,
0, ,-20, ,
-1, ,-20, ,
0, ,-20, ,
0, ,-20, ,
0, ,-20, ,
0, ,-20, ,
-1, ,-20, ,
-1, ,-19, ,
-1, ,-20, ,
-1, ,-20, ,
-1, ,-20, ,
-1, ,-20, ,
0, ,-20, ,
0, ,-19, ,
-1, ,-20, ,
-1, ,-20, ,
-1, ,-20, ,
0, ,-20, ,
0, ,-20, ,
0, ,-20, ,
-1, ,-20, ,
-1, ,-20, ,
-1, ,-20, ,
0, ,-20, ,
0, ,-20, ,
0, ,-20, ,
0, ,-20, ,
0, ,-20, ,
-1, ,-20, ,
-1, ,-20, ,
0, ,-19, ,
0, ,-20, ,
-1, ,-20, ,
-1, ,-20, ,
-1, ,-20, ,
-1, ,-20, ,
-1, ,-20, ,
-1, ,-20, ,
0, ,-20, ,
0, ,-20, ,
-1, ,-20, ,
0, ,-20, ,
-1, ,-20, ,
-1, ,-20, ,
0, ,-20, ,
-1, ,-19, ,
-1, ,-19, ,
-1, ,-20, ,
0, ,-20, ,
0, ,-20, ,
-1, ,-19, ,
-1, ,-19, ,
-1, ,-20, ,
-1, ,-20, ,
0, ,-20, ,
0, ,-20, ,
0, ,-20, ,
0, ,-20, ,
-1, ,-20, ,
-1, ,-20, ,
-1, ,-20, ,
0, ,-19, ,
-1, ,-20, ,
0, ,-20, ,
-1, ,-20, ,
-1, ,-20, ,
-1, ,-20, ,
0, ,-20, ,
0, ,-20, ,
0, ,-20, ,
-1, ,-20, ,
0, ,-20, ,
0, ,-20, ,
0, ,-20, ,
0, ,-20, ,
-1, ,-20, ,
-1, ,-20, ,
-1, ,-20, ,
-1, ,-19, ,
0, ,-20, ,
-1, ,-20, ,
0, ,-20, ,
0, ,-19, ,
-1, ,-20, ,
-1, ,-19, ,
0, ,-20, ,
0, ,-20, ,
-1, ,-19, ,
-1, ,-19, ,
0, ,-20, ,
0, ,-20, ,
0, ,-20, ,
0, ,-20, ,
0, ,-19, ,
-1, ,-20, ,
-1, ,-19, ,
0, ,-20, ,
0, ,-20, ,
0, ,-20, ,
-1, ,-20, ,
-1, ,-20, ,
-1, ,-19, ,
0, ,-20, ,
0, ,-20, ,
-1, ,-20, ,
-1, ,-20, ,
-1, ,-19, ,
0, ,-20, ,
0, ,-20, ,
0, ,-20, ,
0, ,-20, ,
0, ,-20, ,
-1, ,-20, ,
-1, ,-20, ,
0, ,-20, ,
-1, ,-20, ,
-1, ,-20, ,
-1, ,-20, ,
-1, ,-20, ,
0, ,-20, ,
-1, ,-20, ,
-1, ,-20, ,
-1, ,-20, ,
0, ,-20, ,
-1, ,-20, ,
0, ,-20, ,
-1, ,-20, ,
0, ,-20, ,
-1, ,-20, ,
-1, ,-19, ,
-1, ,-19, ,
-1, ,-20, ,
-1, ,-19, ,
0, ,-19, ,
0, ,-20, ,
-1, ,-20, ,
-1, ,-20, ,
-1, ,-20, ,
0, ,-19, ,
0, ,-20, ,
0, ,-20, ,
0, ,-20, ,
0, ,-20, ,
-1, ,-20, ,
-1, ,-20, ,
0, ,-20, ,
0, ,-20, ,
0, ,-20, ,
0, ,-20, ,
-1, ,-20, ,
-1, ,-20, ,
-1, ,-20, ,
0, ,-20, ,
0, ,-19, ,
0, ,-19, ,
0, ,-20, ,
0, ,-20, ,
-1, ,-20, ,
-1, ,-20, ,
-1, ,-20, ,
0, ,-19, ,
0, ,-20, ,
0, ,-20, ,
-2, ,-20, ,
-2, ,-20, ,
0, ,-20, ,
0, ,-20, ,
-1, ,-19, ,
-1, ,-20, ,
-1, ,-20, ,
-1, ,-20, ,
0, ,-20, ,
0, ,-19, ,
0, ,-19, ,
-1, ,-20, ,
-1, ,-20, ,
-1, ,-20, ,
-1, ,-20, ,
0, ,-20, ,
0, ,-20, ,
0, ,-20, ,
-1, ,-20, ,
-1, ,-19, ,
-1, ,-20, ,
-1, ,-19, ,
0, ,-20, ,
0, ,-20, ,
0, ,-20, ,
-1, ,-20, ,
-1, ,-19, ,
-1, ,-20, ,
0, ,-20, ,
0, ,-20, ,
-1, ,-20, ,
0, ,-20, ,
0, ,-20, ,
-1, ,-20, ,
0, ,-20, ,
0, ,-20, ,
-1, ,-20, ,
-1, ,-19, ,
-1, ,-20, ,
0, ,-20, ,
0, ,-20, ,
0, ,-20, ,
0, ,-20, ,
0, ,-19, ,
-1, ,-20, ,
-1, ,-20, ,
-1, ,-20, ,
-1, ,-20, ,
0, ,-20, ,
0, ,-20, ,
0, ,-19, ,
-1, ,-19, ,
-1, ,-20, ,
0, ,-19, ,
0, ,-20, ,
0, ,-20, ,
-1, ,-20, ,
0, ,-20, ,
-1, ,-20, ,
0, ,-19, ,
-1, ,-20, ,
-1, ,-20, ,
-1, ,-20, ,
0, ,-20, ,
0, ,-20, ,
-1, ,-20, ,
-1, ,-20, ,
-1, ,-20, ,
-1, ,-20, ,
-1, ,-20, ,
0, ,-20, ,
0, ,-20, ,
-1, ,-20, ,
-1, ,-20, ,
0, ,-20, ,
0, ,-20, ,
0, ,-20, ,
0, ,-20, ,
-1, ,-20, ,
-1, ,-19, ,
-1, ,-20, ,
0, ,-20, ,
0, ,-20, ,
0, ,-20, ,
0, ,-20, ,
-1, ,-20, ,
0, ,-20, ,
-1, ,-20, ,
0, ,-20, ,
0, ,-20, ,
0, ,-20, ,
-1, ,-19, ,
0, ,-20, ,
0, ,-20, ,
0, ,-20, ,
0, ,-20, ,
0, ,-20, ,
-1, ,-20, ,
-1, ,-20, ,
0, ,-20, ,
0, ,-19, ,
0, ,-20, ,
0, ,-20, ,
0, ,-19, ,
0, ,-20, ,
0, ,-20, ,
0, ,-20, ,
-1, ,-20, ,
-1, ,-20, ,
-1, ,-20, ,
0, ,-19, ,
0, ,-20, ,
-1, ,-20, ,
0, ,-20, ,
-1, ,-19, ,
0, ,-20, ,
0, ,-20, ,
0, ,-20, ,
0, ,-20, ,
0, ,-20, ,
-1, ,-20, ,
-1, ,-20, ,
-1, ,-19, ,
0, ,-19, ,
0, ,-20, ,
0, ,-20, ,
0, ,-20, ,
-1, ,-20, ,
-1, ,-20, ,
-1, ,-19, ,
-1, ,-20, ,
-1, ,-19, ,
0, ,-20, ,
0, ,-19, ,
0, ,-20, ,
-1, ,-20, ,
-1, ,-20, ,
0, ,-20, ,
0, ,-20, ,
0, ,-19, ,
-1, ,-20, ,
-1, ,-20, ,
-1, ,-20, ,
0, ,-20, ,
-1, ,-19, ,
-1, ,-20, ,
0, ,-19, ,
0, ,-19, ,
-1, ,-20, ,
-1, ,-20, ,
0, ,-20, ,
1, ,-20, ,
0, ,-20, ,
-2, ,-20, ,
-1, ,-19, ,
0, ,-20, ,
0, ,-20, ,
-1, ,-20, ,
0, ,-20, ,
0, ,-20, ,
0, ,-20, ,
-1, ,-20, ,
0, ,-20, ,
0, ,-19, ,
0, ,-19, ,
-1, ,-19, ,
-1, ,-20, ,
-1, ,-20, ,
0, ,-20, ,
0, ,-20, ,
-1, ,-20, ,
-1, ,-19, ,
-1, ,-20, ,
-1, ,-20, ,
0, ,-20, ,
0, ,-20, ,
-1, ,-20, ,
-1, ,-20, ,
0, ,-19, ,
0, ,-19, ,
-1, ,-19, ,
-1, ,-20, ,
0, ,-20, ,
0, ,-19, ,
0, ,-20, ,
0, ,-20, ,
0, ,-19, ,
-1, ,-20, ,
-1, ,-19, ,
-1, ,-20, ,
-1, ,-20, ,
-1, ,-20, ,
0, ,-20, ,
-1, ,-20, ,
-1, ,-20, ,
-1, ,-19, ,
0, ,-20, ,
-1, ,-20, ,
-1, ,-20, ,
-1, ,-20, ,
-1, ,-20, ,
-1, ,-20, ,
0, ,-19, ,
-1, ,-19, ,
0, ,-20, ,
0, ,-19, ,
-1, ,-20, ,
-1, ,-20, ,
0, ,-20, ,
-1, ,-20, ,
0, ,-20, ,
0, ,-20, ,
0, ,-20, ,
0, ,-20, ,
-1, ,-20, ,
-1, ,-20, ,
-1, ,-20, ,
0, ,-20, ,
0, ,-19, ,
0, ,-20, ,
0, ,-20, ,
0, ,-20, ,
-1, ,-20, ,
-1, ,-20, ,
0, ,-20, ,
-1, ,-19, ,
-1, ,-19, ,
0, ,-20, ,
-1, ,-20, ,
-1, ,-20, ,
-1, ,-20, ,
0, ,-20, ,
0, ,-20, ,
-1, ,-20, ,
-1, ,-20, ,
-1, ,-20, ,
-1, ,-20, ,
-1, ,-20, ,
0, ,-19, ,
-1, ,-20, ,
0, ,-20, ,
0, ,-19, ,
0, ,-20, ,
0, ,-19, ,
-1, ,-19, ,
-1, ,-20, ,
0, ,-19, ,
0, ,-20, ,
0, ,-20, ,
-1, ,-20, ,
-1, ,-19, ,
0, ,-20, ,
-1, ,-20, ,
-1, ,-20, ,
-1, ,-20, ,
-1, ,-20, ,
0, ,-20, ,
0, ,-20, ,
0, ,-20, ,
-1, ,-20, ,
-1, ,-19, ,
-1, ,-20, ,
0, ,-20, ,
1, ,-20, ,
0, ,-20, ,
-2, ,-20, ,
-1, ,-20, ,
0, ,-20, ,
-1, ,-19, ,
-1, ,-20, ,
0, ,-20, ,
0, ,-20, ,
0, ,-20, ,
-1, ,-20, ,
-1, ,-19, ,
0, ,-20, ,
0, ,-20, ,
-1, ,-20, ,
0, ,-19, ,
-1, ,-20, ,
-1, ,-20, ,
-1, ,-20, ,
0, ,-19, ,
1, ,-20, ,
0, ,-20, ,
-1, ,-20, ,
-1, ,-20, ,
0, ,-20, ,
-1, ,-20, ,
-1, ,-20, ,
0, ,-19, ,
0, ,-19, ,
0, ,-20, ,
0, ,-20, ,
0, ,-20, ,
0, ,-20, ,
0, ,-20, ,
-1, ,-20, ,
-1, ,-20, ,
0, ,-19, ,
-1, ,-20, ,
-1, ,-20, ,
0, ,-19, ,
0, ,-20, ,
-1, ,-20, ,
0, ,-20, ,
0, ,-20, ,
0, ,-19, ,
-1, ,-20, ,
-1, ,-20, ,
-1, ,-20, ,
0, ,-20, ,
0, ,-20, ,
-1, ,-20, ,
-1, ,-20, ,
-1, ,-19, ,
0, ,-20, ,
0, ,-20, ,
-1, ,-20, ,
-1, ,-20, ,
0, ,-20, ,
-1, ,-20, ,
-1, ,-20, ,
-1, ,-20, ,
-1, ,-20, ,
0, ,-20, ,
-1, ,-20, ,
0, ,-20, ,
0, ,-20, ,
0, ,-20, ,
0, ,-19, ,
0, ,-20, ,
0, ,-20, ,
-1, ,-20, ,
0, ,-20, ,
-1, ,-19, ,
-1, ,-20, ,
0, ,-20, ,
0, ,-20, ,
0, ,-20, ,
0, ,-20, ,
-1, ,-20, ,
-1, ,-20, ,
-1, ,-20, ,
0, ,-20, ,
0, ,-20, ,
0, ,-20, ,
-1, ,-20, ,
-1, ,-20, ,
0, ,-20, ,
0, ,-20, ,
0, ,-19, ,
-1, ,-20, ,
-1, ,-20, ,
-1, ,-20, ,
0, ,-19, ,
0, ,-20, ,
0, ,-20, ,
0, ,-20, ,
0, ,-20, ,
0, ,-20, ,
0, ,-20, ,
0, ,-19, ,
-1, ,-19, ,
-1, ,-20, ,
-1, ,-20, ,
-1, ,-20, ,
-1, ,-20, ,
0, ,-20, ,
-1, ,-20, ,
-1, ,-19, ,
0, ,-19, ,
0, ,-20, ,
-1, ,-20, ,
0, ,-20, ,
0, ,-20, ,
-1, ,-20, ,
-1, ,-20, ,
-1, ,-20, ,
0, ,-19, ,
0, ,-20, ,
0, ,-19, ,
-1, ,-20, ,
-1, ,-19, ,
-1, ,-20, ,
0, ,-19, ,
0, ,-20, ,
-1, ,-20, ,
-1, ,-20, ,
-1, ,-20, ,
-1, ,-20, ,
0, ,-20, ,
0, ,-20, ,
0, ,-20, ,
-1, ,-19, ,
-1, ,-20, ,
0, ,-19, ,
0, ,-20, ,
0, ,-20, ,
-1, ,-20, ,
-1, ,-20, ,
-1, ,-20, ,
0, ,-20, ,
0, ,-19, ,
0, ,-20, ,
-1, ,-20, ,
-1, ,-19, ,
-1, ,-20, ,
-1, ,-20, ,
-1, ,-20, ,
-1, ,-19, ,
-1, ,-19, ,
0, ,-20, ,
1, ,-20, ,
0, ,-20, ,
-1, ,-20, ,
-2, ,-20, ,
-1, ,-20, ,
0, ,-20, ,
0, ,-20, ,
-1, ,-20, ,
-1, ,-20, ,
-1, ,-20, ,
0, ,-20, ,
0, ,-20, ,
0, ,-20, ,
0, ,-19, ,
-1, ,-19, ,
-1, ,-20, ,
-1, ,-20, ,
0, ,-20, ,
-1, ,-20, ,
-1, ,-20, ,
0, ,-20, ,
0, ,-19, ,
0, ,-20, ,
-1, ,-20, ,
-1, ,-20, ,
0, ,-19, ,
0, ,-20, ,
0, ,-19, ,
-1, ,-20, ,
-1, ,-19, ,
0, ,-19, ,
-1, ,-20, ,
-1, ,-20, ,
-1, ,-20, ,
-1, ,-20, ,
-1, ,-20, ,
0, ,-20, ,
0, ,-20, ,
0, ,-19, ,
-1, ,-20, ,
-1, ,-20, ,
0, ,-20, ,
0, ,-20, ,
0, ,-20, ,
-1, ,-20, ,
-1, ,-19, ,
-1, ,-19, ,
-1, ,-19, ,
-1, ,-20, ,
0, ,-20, ,
0, ,-20, ,
-1, ,-20, ,
-1, ,-20, ,
0, ,-20, ,
-1, ,-20, ,
-1, ,-20, ,
0, ,-20, ,
-1, ,-19, ,
-1, ,-20, ,
-1, ,-19, ,
-1, ,-20, ,
-1, ,-20, ,
0, ,-20, ,
0, ,-20, ,
0, ,-20, ,
-1, ,-19, ,
0, ,-19, ,
0, ,-20, ,
0, ,-20, ,
0, ,-19, ,
-1, ,-20, ,
-1, ,-20, ,
0, ,-20, ,
0, ,-20, ,
0, ,-20, ,
-1, ,-20, ,
-1, ,-20, ,
-1, ,-19, ,
0, ,-19, ,
-1, ,-20, ,
0, ,-20, ,
0, ,-20, ,
0, ,-20, ,
0, ,-20, ,
-1, ,-20, ,
-1, ,-20, ,
-1, ,-20, ,
-1, ,-20, ,
-1, ,-20, ,
-1, ,-20, ,
-1, ,-20, ,
0, ,-20, ,
-1, ,-19, ,
0, ,-20, ,
-1, ,-19, ,
0, ,-19, ,
0, ,-20, ,
0, ,-20, ,
0, ,-19, ,
0, ,-20, ,
-1, ,-20, ,
-1, ,-20, ,
0, ,-20, ,
-1, ,-20, ,
-1, ,-19, ,
-1, ,-20, ,
-1, ,-20, ,
0, ,-20, ,
-1, ,-20, ,
-1, ,-20, ,
0, ,-19, ,
0, ,-20, ,
0, ,-20, ,
0, ,-19, ,
0, ,-20, ,
0, ,-20, ,
-1, ,-19, ,
-1, ,-20, ,
-1, ,-20, ,
0, ,-20, ,
-1, ,-20, ,
0, ,-20, ,
0, ,-20, ,
-1, ,-20, ,
-1, ,-19, ,
-1, ,-19, ,
-1, ,-20, ,
0, ,-20, ,
-1, ,-19, ,
0, ,-20, ,
0, ,-20, ,
0, ,-20, ,
0, ,-20, ,
0, ,-20, ,
-1, ,-19, ,
0, ,-20, ,
0, ,-20, ,
0, ,-20, ,
-1, ,-20, ,
-1, ,-20, ,
-1, ,-20, ,
-1, ,-19, ,
0, ,-19, ,
-1, ,-19, ,
-1, ,-20, ,
-1, ,-20, ,
0, ,-20, ,
0, ,-20, ,
0, ,-20, ,
-1, ,-20, ,
-1, ,-19, ,
0, ,-20, ,
0, ,-19, ,
0, ,-19, ,
-1, ,-20, ,
0, ,-20, ,
0, ,-20, ,
0, ,-20, ,
0, ,-19, ,
-1, ,-20, ,
-1, ,-20, ,
-1, ,-20, ,
-1, ,-20, ,
0, ,-19, ,
0, ,-20, ,
-1, ,-20, ,
-1, ,-20, ,
0, ,-20, ,
0, ,-19, ,
0, ,-20, ,
-1, ,-19, ,
0, ,-20, ,
-1, ,-20, ,
-1, ,-20, ,
-1, ,-19, ,
-1, ,-20, ,
-1, ,-20, ,
-1, ,-19, ,
0, ,-20, ,
0, ,-20, ,
-1, ,-20, ,
-1, ,-20, ,
-1, ,-20, ,
-1, ,-20, ,
0, ,-20, ,
-1, ,-20, ,
-1, ,-19, ,
-1, ,-20, ,
0, ,-20, ,
0, ,-19, ,
0, ,-20, ,
-1, ,-20, ,
0, ,-20, ,
-1, ,-20, ,
0, ,-19, ,
0, ,-20, ,
0, ,-19, ,
-1, ,-20, ,
-1, ,-20, ,
-1, ,-20, ,
0, ,-20, ,
0, ,-20, ,
0, ,-20, ,
0, ,-20, ,
0, ,-20, ,
0, ,-20, ,
-1, ,-20, ,
0, ,-20, ,
-1, ,-20, ,
-1, ,-20, ,
-1, ,-20, ,
0, ,-20, ,
0, ,-20, ,
0, ,-20, ,
0, ,-20, ,
0, ,-20, ,
0, ,-20, ,
0, ,-20, ,
0, ,-20, ,
0, ,-20, ,
0, ,-20, ,
-1, ,-20, ,
0, ,-20, ,
0, ,-19, ,
0, ,-19, ,
0, ,-20, ,
-1, ,-20, ,
0, ,-19, ,
0, ,-20, ,
0, ,-20, ,
0, ,-20, ,
0, ,-20, ,
-1, ,-20, ,
-1, ,-20, ,
-1, ,-20, ,
-1, ,-20, ,
-1, ,-20, ,
0, ,-20, ,
0, ,-20, ,
0, ,-20, ,
-1, ,-19, ,
0, ,-19, ,
-1, ,-20, ,
0, ,-20, ,
-1, ,-20, ,
0, ,-20, ,
0, ,-19, ,
0, ,-20, ,
0, ,-20, ,
-1, ,-19, ,
0, ,-20, ,
-1, ,-20, ,
0, ,-20, ,
0, ,-19, ,
0, ,-19, ,
0, ,-20, ,
-1, ,-20, ,
-1, ,-20, ,
0, ,-20, ,
-1, ,-20, ,
-1, ,-20, ,
-1, ,-20, ,
0, ,-20, ,
0, ,-20, ,
-1, ,-20, ,
-1, ,-20, ,
0, ,-20, ,
0, ,-20, ,
-1, ,-20, ,
-1, ,-20, ,
-1, ,-20, ,
-1, ,-19, ,
-1, ,-20, ,
-1, ,-20, ,
0, ,-20, ,
0, ,-20, ,
0, ,-19, ,
-1, ,-20, ,
0, ,-20, ,
0, ,-20, ,
0, ,-20, ,
-1, ,-20, ,
0, ,-19, ,
-1, ,-20, ,
0, ,-20, ,
-1, ,-20, ,
0, ,-19, ,
0, ,-20, ,
0, ,-20, ,
0, ,-20, ,
0, ,-20, ,
0, ,-20, ,
0, ,-20, ,
0, ,-19, ,
0, ,-20, ,
0, ,-20, ,
-1, ,-20, ,
-1, ,-20, ,
-1, ,-19, ,
0, ,-20, ,
0, ,-20, ,
0, ,-20, ,
-1, ,-20, ,
-1, ,-20, ,
0, ,-20, ,
-1, ,-20, ,
-1, ,-20, ,
0, ,-20, ,
-1, ,-20, ,
-1, ,-20, ,
-1, ,-20, ,
0, ,-20, ,
-1, ,-20, ,
0, ,-20, ,
0, ,-20, ,
-1, ,-20, ,
0, ,-20, ,
0, ,-20, ,
-1, ,-19, ,
-1, ,-20, ,
-1, ,-20, ,
0, ,-20, ,
0, ,-19, ,
-1, ,-20, ,
-1, ,-19, ,
-1, ,-19, ,
-1, ,-20, ,
0, ,-20, ,
0, ,-19, ,
0, ,-19, ,
-1, ,-20, ,
0, ,-20, ,
-1, ,-19, ,
-1, ,-19, ,
0, ,-20, ,
0, ,-20, ,
-1, ,-20, ,
-1, ,-20, ,
0, ,-20, ,
0, ,-20, ,
0, ,-20, ,
-1, ,-20, ,
0, ,-20, ,
-1, ,-20, ,
-1, ,-20, ,
-1, ,-20, ,
0, ,-19, ,
0, ,-20, ,
0, ,-20, ,
-1, ,-20, ,
-1, ,-19, ,
-1, ,-20, ,
0, ,-20, ,
0, ,-20, ,
0, ,-20, ,
0, ,-20, ,
-1, ,-20, ,
-1, ,-20, ,
-1, ,-19, ,
-1, ,-20, ,
0, ,-20, ,
0, ,-20, ,
0, ,-20, ,
0, ,-19, ,
0, ,-20, ,
-1, ,-19, ,
-1, ,-20, ,
-1, ,-19, ,
-1, ,-20, ,
-1, ,-20, ,
0, ,-20, ,
0, ,-20, ,
-1, ,-20, ,
0, ,-19, ,
0, ,-20, ,
0, ,-20, ,
-1, ,-20, ,
-1, ,-20, ,
0, ,-20, ,
-1, ,-20, ,
-1, ,-20, ,
-1, ,-20, ,
0, ,-20, ,
-1, ,-20, ,
0, ,-20, ,
-1, ,-20, ,
0, ,-19, ,
-1, ,-20, ,
0, ,-20, ,
-1, ,-19, ,
0, ,-19, ,
0, ,-20, ,
-1, ,-20, ,
-1, ,-19, ,
-1, ,-20, ,
0, ,-20, ,
0, ,-20, ,
0, ,-20, ,
-1, ,-20, ,
-1, ,-20, ,
-1, ,-19, ,
-1, ,-19, ,
-1, ,-20, ,
-1, ,-20, ,
0, ,-20, ,
0, ,-20, ,
-1, ,-20, ,
-1, ,-20, ,
-1, ,-19, ,
-1, ,-19, ,
-1, ,-20, ,
-1, ,-20, ,
-1, ,-20, ,
-1, ,-19, ,
0, ,-20, ,
-1, ,-20, ,
-1, ,-20, ,
-1, ,-20, ,
0, ,-20, ,
0, ,-20, ,
-1, ,-20, ,
-1, ,-20, ,
0, ,-20, ,
0, ,-20, ,
-1, ,-20, ,
-1, ,-20, ,
-1, ,-19, ,
-1, ,-20, ,
0, ,-20, ,
0, ,-19, ,
0, ,-20, ,
0, ,-20, ,
0, ,-19, ,
0, ,-20, ,
0, ,-20, ,
-1, ,-20, ,
-1, ,-20, ,
-1, ,-20, ,
0, ,-20, ,
-1, ,-20, ,
-1, ,-20, ,
-1, ,-20, ,
0, ,-20, ,
0, ,-20, ,
-1, ,-20, ,
-1, ,-19, ,
0, ,-19, ,
0, ,-20, ,
-1, ,-20, ,
-1, ,-20, ,
-1, ,-20, ,
0, ,-20, ,
0, ,-20, ,
-1, ,-20, ,
-1, ,-20, ,
0, ,-20, ,
-1, ,-20, ,
-1, ,-19, ,
-1, ,-20, ,
-1, ,-20, ,
0, ,-20, ,
0, ,-19, ,
-1, ,-19, ,
-1, ,-19, ,
-1, ,-20, ,
-1, ,-20, ,
0, ,-20, ,
0, ,-20, ,
-1, ,-20, ,
-1, ,-20, ,
0, ,-19, ,
0, ,-20, ,
-1, ,-19, ,
-1, ,-20, ,
-1, ,-20, ,
0, ,-20, ,
0, ,-20, ,
-1, ,-20, ,
0, ,-20, ,
-1, ,-20, ,
-1, ,-19, ,
0, ,-20, ,
0, ,-20, ,
0, ,-19, ,
-1, ,-20, ,
-1, ,-20, ,
-1, ,-19, ,
-1, ,-20, ,
-1, ,-20, ,
-1, ,-20, ,
-1, ,-20, ,
0, ,-20, ,
-1, ,-20, ,
0, ,-19, ,
0, ,-20, ,
0, ,-19, ,
-1, ,-20, ,
-1, ,-20, ,
0, ,-20, ,
-1, ,-20, ,
-1, ,-20, ,
0, ,-19, ,
0, ,-20, ,
-1, ,-20, ,
0, ,-20, ,
0, ,-19, ,
0, ,-20, ,
0, ,-20, ,
-1, ,-20, ,
-1, ,-20, ,
-1, ,-19, ,
0, ,-20, ,
-1, ,-20, ,
-1, ,-20, ,
-1, ,-20, ,
0, ,-20, ,
0, ,-20, ,
0, ,-19, ,
0, ,-19, ,
-1, ,-19, ,
-1, ,-20, ,
-1, ,-20, ,
-1, ,-20, ,
-1, ,-20, ,
0, ,-20, ,
0, ,-20, ,
0, ,-19, ,
0, ,-20, ,
0, ,-19, ,
0, ,-19, ,
0, ,-19, ,
-1, ,-19, ,
-1, ,-20, ,
-1, ,-20, ,
-1, ,-20, ,
-1, ,-20, ,
-1, ,-20, ,
0, ,-20, ,
0, ,-20, ,
-1, ,-20, ,
-1, ,-20, ,
-1, ,-20, ,
-1, ,-19, ,
-1, ,-20, ,
-1, ,-20, ,
-1, ,-20, ,
-1, ,-20, ,
0, ,-20, ,
0, ,-20, ,
0, ,-20, ,
0, ,-19, ,
0, ,-20, ,
-1, ,-20, ,
-2, ,-19, ,
-2, ,-20, ,
-1, ,-20, ,
0, ,-20, ,
0, ,-19, ,
1, ,-20, ,
0, ,-20, ,
-1, ,-19, ,
-1, ,-20, ,
0, ,-20, ,
0, ,-20, ,
-1, ,-20, ,
-1, ,-20, ,
-1, ,-20, ,
-1, ,-20, ,
-1, ,-19, ,
0, ,-20, ,
0, ,-20, ,
0, ,-20, ,
0, ,-20, ,
0, ,-19, ,
-1, ,-20, ,
-1, ,-20, ,
0, ,-19, ,
0, ,-20, ,
-1, ,-20, ,
-2, ,-20, ,
0, ,-20, ,
0, ,-19, ,
0, ,-19, ,
0, ,-20, ,
0, ,-20, ,
0, ,-20, ,
-1, ,-19, ,
-1, ,-20, ,
-1, ,-20, ,
-1, ,-20, ,
-1, ,-20, ,
-1, ,-20, ,
0, ,-20, ,
0, ,-20, ,
0, ,-20, ,
-1, ,-20, ,
-1, ,-20, ,
-1, ,-19, ,
-1, ,-20, ,
0, ,-20, ,
0, ,-20, ,
0, ,-19, ,
0, ,-20, ,
0, ,-19, ,
-1, ,-20, ,
-1, ,-20, ,
-1, ,-20, ,
-1, ,-20, ,
0, ,-20, ,
0, ,-20, ,
0, ,-20, ,
0, ,-20, ,
0, ,-20, ,
-1, ,-19, ,
-1, ,-20, ,
-1, ,-20, ,
-1, ,-19, ,
0, ,-20, ,
-1, ,-20, ,
-1, ,-20, ,
0, ,-20, ,
0, ,-19, ,
0, ,-19, ,
-1, ,-20, ,
-1, ,-20, ,
-1, ,-20, ,
0, ,-20, ,
0, ,-20, ,
0, ,-19, ,
-1, ,-20, ,
0, ,-20, ,
0, ,-19, ,
0, ,-20, ,
0, ,-19, ,
0, ,-20, ,
0, ,-20, ,
-1, ,-20, ,
-1, ,-20, ,
-1, ,-20, ,
-1, ,-20, ,
-1, ,-20, ,
0, ,-20, ,
0, ,-20, ,
0, ,-20, ,
0, ,-20, ,
0, ,-19, ,
0, ,-20, ,
-1, ,-20, ,
-1, ,-20, ,
-1, ,-19, ,
-1, ,-19, ,
0, ,-20, ,
0, ,-20, ,
0, ,-20, ,
0, ,-20, ,
0, ,-20, ,
0, ,-20, ,
0, ,-20, ,
-1, ,-20, ,
-1, ,-20, ,
-1, ,-20, ,
-1, ,-20, ,
-1, ,-20, ,
-1, ,-20, ,
-1, ,-20, ,
-1, ,-20, ,
0, ,-20, ,
0, ,-20, ,
0, ,-20, ,
0, ,-20, ,
-1, ,-20, ,
-1, ,-20, ,
-1, ,-20, ,
-1, ,-20, ,
-1, ,-20, ,
0, ,-19, ,
0, ,-20, ,
0, ,-20, ,
0, ,-20, ,
0, ,-20, ,
0, ,-20, ,
0, ,-20, ,
-1, ,-20, ,
-2, ,-20, ,
-2, ,-20, ,
-2, ,-20, ,
0, ,-20, ,
1, ,-19, ,
1, ,-19, ,
0, ,-20, ,
-1, ,-19, ,
-1, ,-20, ,
0, ,-20, ,
0, ,-20, ,
0, ,-19, ,
0, ,-20, ,
-1, ,-19, ,
-1, ,-20, ,
-1, ,-19, ,
-1, ,-20, ,
-1, ,-20, ,
0, ,-20, ,
1, ,-20, ,
1, ,-20, ,
1, ,-20, ,
0, ,-20, ,
-2, ,-19, ,
-2, ,-20, ,
-1, ,-20, ,
-1, ,-20, ,
-1, ,-20, ,
-1, ,-20, ,
-1, ,-19, ,
0, ,-19, ,
0, ,-19, ,
-1, ,-20, ,
-1, ,-20, ,
-1, ,-19, ,
-1, ,-20, ,
-1, ,-19, ,
-1, ,-20, ,
0, ,-20, ,
2, ,-20, ,
2, ,-20, ,
1, ,-20, ,
-1, ,-20, ,
-2, ,-19, ,
-2, ,-19, ,
-2, ,-20, ,
-1, ,-20, ,
-1, ,-20, ,
-2, ,-20, ,
-2, ,-20, ,
-1, ,-20, ,
0, ,-20, ,
1, ,-20, ,
1, ,-20, ,
1, ,-20, ,
1, ,-20, ,
1, ,-20, ,
0, ,-19, ,
-1, ,-19, ,
-2, ,-19, ,
-2, ,-20, ,
-2, ,-20, ,
0, ,-20, ,
1, ,-20, ,
1, ,-20, ,
0, ,-20, ,
0, ,-20, ,
0, ,-20, ,
0, ,-20, ,
-1, ,-20, ,
-1, ,-20, ,
0, ,-20, ,
-1, ,-20, ,
-1, ,-20, ,
-1, ,-20, ,
-1, ,-19, ,
-1, ,-20, ,
-1, ,-20, ,
-1, ,-20, ,
-1, ,-20, ,
-1, ,-20, ,
0, ,-20, ,
0, ,-19, ,
0, ,-20, ,
0, ,-20, ,
0, ,-20, ,
-1, ,-19, ,
0, ,-20, ,
0, ,-20, ,
0, ,-19, ,
-1, ,-20, ,
-2, ,-20, ,
-1, ,-20, ,
-1, ,-20, ,
-1, ,-20, ,
0, ,-19, ,
0, ,-20, ,
-1, ,-20, ,
-1, ,-19, ,
-1, ,-19, ,
-1, ,-20, ,
0, ,-20, ,
0, ,-20, ,
0, ,-20, ,
0, ,-19, ,
0, ,-20, ,
-1, ,-20, ,
-1, ,-20, ,
0, ,-19, ,
0, ,-20, ,
-1, ,-20, ,
-1, ,-19, ,
0, ,-20, ,
1, ,-20, ,
1, ,-20, ,
0, ,-19, ,
-1, ,-20, ,
-2, ,-20, ,
-2, ,-20, ,
-1, ,-20, ,
-1, ,-20, ,
0, ,-20, ,
0, ,-20, ,
0, ,-19, ,
0, ,-19, ,
0, ,-20, ,
0, ,-20, ,
-1, ,-20, ,
-1, ,-20, ,
-1, ,-20, ,
-1, ,-20, ,
0, ,-19, ,
0, ,-20, ,
0, ,-20, ,
-1, ,-20, ,
-1, ,-20, ,
-1, ,-20, ,
-1, ,-20, ,
0, ,-19, ,
0, ,-19, ,
0, ,-20, ,
-1, ,-19, ,
-1, ,-20, ,
-1, ,-20, ,
0, ,-20, ,
0, ,-20, ,
0, ,-20, ,
0, ,-20, ,
-1, ,-20, ,
-1, ,-19, ,
-2, ,-20, ,
-2, ,-20, ,
-1, ,-20, ,
-1, ,-20, ,
0, ,-20, ,
1, ,-20, ,
1, ,-20, ,
1, ,-20, ,
-1, ,-20, ,
-1, ,-20, ,
-1, ,-20, ,
0, ,-20, ,
0, ,-20, ,
-1, ,-20, ,
-2, ,-20, ,
-2, ,-20, ,
-1, ,-20, ,
0, ,-20, ,
0, ,-20, ,
0, ,-20, ,
-1, ,-19, ,
-1, ,-19, ,
0, ,-20, ,
0, ,-20, ,
0, ,-20, ,
0, ,-20, ,
0, ,-20, ,
0, ,-20, ,
-1, ,-20, ,
-1, ,-20, ,
-1, ,-19, ,
-1, ,-19, ,
-1, ,-20, ,
-1, ,-20, ,
0, ,-20, ,
0, ,-20, ,
0, ,-19, ,
-1, ,-20, ,
0, ,-20, ,
0, ,-20, ,
-1, ,-20, ,
-2, ,-20, ,
-2, ,-20, ,
-1, ,-20, ,
-1, ,-19, ,
0, ,-20, ,
0, ,-20, ,
0, ,-19, ,
-1, ,-20, ,
-1, ,-20, ,
-1, ,-20, ,
0, ,-20, ,
2, ,-19, ,
2, ,-19, ,
0, ,-20, ,
-1, ,-20, ,
-2, ,-19, ,
-2, ,-20, ,
-1, ,-20, ,
-1, ,-20, ,
0, ,-19, ,
0, ,-19, ,
-1, ,-20, ,
-2, ,-20, ,
-2, ,-20, ,
-2, ,-19, ,
-1, ,-20, ,
0, ,-20, ,
0, ,-20, ,
0, ,-19, ,
0, ,-20, ,
0, ,-20, ,
0, ,-20, ,
0, ,-20, ,
0, ,-20, ,
-1, ,-20, ,
-2, ,-19, ,
-2, ,-19, ,
-1, ,-20, ,
-1, ,-20, ,
0, ,-19, ,
0, ,-19, ,
0, ,-20, ,
-1, ,-20, ,
-1, ,-20, ,
-1, ,-20, ,
-1, ,-20, ,
-1, ,-20, ,
0, ,-20, ,
0, ,-20, ,
1, ,-20, ,
1, ,-19, ,
0, ,-20, ,
0, ,-19, ,
-1, ,-20, ,
-1, ,-19, ,
-1, ,-20, ,
-1, ,-20, ,
-1, ,-20, ,
-1, ,-20, ,
0, ,-20, ,
0, ,-19, ,
0, ,-19, ,
-1, ,-20, ,
-1, ,-20, ,
-1, ,-19, ,
-1, ,-20, ,
-1, ,-20, ,
0, ,-19, ,
0, ,-20, ,
0, ,-19, ,
0, ,-19, ,
-1, ,-20, ,
0, ,-20, ,
0, ,-20, ,
0, ,-20, ,
0, ,-19, ,
-1, ,-19, ,
-1, ,-20, ,
-1, ,-20, ,
0, ,-20, ,
0, ,-20, ,
-1, ,-20, ,
-1, ,-20, ,
-1, ,-20, ,
-1, ,-19, ,
-1, ,-19, ,
-1, ,-20, ,
0, ,-19, ,
0, ,-20, ,
0, ,-20, ,
0, ,-20, ,
0, ,-20, ,
0, ,-19, ,
0, ,-20, ,
0, ,-20, ,
0, ,-19, ,
-1, ,-20, ,
-1, ,-19, ,
-1, ,-19, ,
-1, ,-20, ,
-1, ,-20, ,
-1, ,-19, ,
-1, ,-20, ,
-1, ,-20, ,
0, ,-20, ,
0, ,-20, ,
0, ,-20, ,
0, ,-19, ,
0, ,-20, ,
0, ,-20, ,
0, ,-20, ,
0, ,-20, ,
0, ,-19, ,
0, ,-20, ,
-1, ,-20, ,
-1, ,-20, ,
-1, ,-20, ,
-1, ,-20, ,
-1, ,-20, ,
-1, ,-20, ,
-1, ,-20, ,
-1, ,-20, ,
0, ,-20, ,
0, ,-20, ,
0, ,-19, ,
0, ,-19, ,
0, ,-20, ,
0, ,-20, ,
0, ,-20, ,
0, ,-20, ,
0, ,-20, ,
0, ,-20, ,
0, ,-19, ,
-1, ,-20, ,
-1, ,-20, ,
-1, ,-20, ,
-1, ,-20, ,
-1, ,-20, ,
-1, ,-20, ,
-1, ,-20, ,
-1, ,-20, ,
-1, ,-20, ,
-1, ,-19, ,
-1, ,-20, ,
0, ,-20, ,
0, ,-20, ,
0, ,-20, ,
-1, ,-20, ,
0, ,-19, ,
0, ,-20, ,
0, ,-20, ,
0, ,-20, ,
0, ,-20, ,
0, ,-20, ,
0, ,-20, ,
0, ,-20, ,
0, ,-20, ,
0, ,-20, ,
-1, ,-20, ,
-1, ,-20, ,
-1, ,-19, ,
-1, ,-20, ,
-1, ,-20, ,
-1, ,-20, ,
0, ,-19, ,
0, ,-19, ,
-1, ,-20, ,
-1, ,-20, ,
0, ,-20, ,
0, ,-20, ,
0, ,-20, ,
0, ,-20, ,
0, ,-20, ,
0, ,-20, ,
0, ,-20, ,
-1, ,-20, ,
0, ,-20, ,
0, ,-20, ,
-1, ,-20, ,
-1, ,-20, ,
-1, ,-19, ,
-1, ,-20, ,
-1, ,-19, ,
0, ,-19, ,
-1, ,-20, ,
0, ,-20, ,
-1, ,-20, ,
-1, ,-20, ,
0, ,-20, ,
0, ,-20, ,
0, ,-20, ,
0, ,-20, ,
0, ,-20, ,
0, ,-20, ,
0, ,-20, ,
-1, ,-19, ,
0, ,-20, ,
0, ,-20, ,
-1, ,-20, ,
-1, ,-20, ,
0, ,-20, ,
0, ,-20, ,
-1, ,-20, ,
-1, ,-19, ,
-1, ,-20, ,
-1, ,-19, ,
-1, ,-20, ,
-1, ,-20, ,
-1, ,-20, ,
-1, ,-20, ,
-1, ,-20, ,
0, ,-20, ,
0, ,-20, ,
0, ,-19, ,
0, ,-20, ,
0, ,-20, ,
0, ,-20, ,
0, ,-20, ,
0, ,-20, ,
-1, ,-20, ,
-1, ,-20, ,
-1, ,-20, ,
0, ,-19, ,
-1, ,-19, ,
-1, ,-20, ,
-1, ,-20, ,
-1, ,-20, ,
-1, ,-19, ,
0, ,-20, ,
2, ,-20, ,
11, ,-20, ,
-6, ,-20, ,
-32, ,-20, ,
-18, ,-20, ,
40, ,-20, ,
99, ,-20, ,
-9, ,-20, ,
-128, ,-20, ,
-127, ,-20, ,
117, ,-20, ,
127, ,-20, ,
-111, ,-20, ,
-128, ,-20, ,
54, ,-20, ,
127, ,-20, ,
96, ,-20, ,
-48, ,-19, ,
-128, ,-20, ,
-110, ,-20, ,
-45, ,-20, ,
17, ,-20, ,
43, ,-20, ,
45, ,-20, ,
44, ,-20, ,
29, ,-20, ,
-10, ,-20, ,
-40, ,-20, ,
-51, ,-19, ,
-30, ,-20, ,
28, ,-20, ,
39, ,-20, ,
-7, ,-20, ,
-12, ,-20, ,
20, ,-20, ,
10, ,-20, ,
-15, ,-20, ,
-12, ,-20, ,
-11, ,-20, ,
-1, ,-20, ,
26, ,-20, ,
18, ,-20, ,
-78, ,-19, ,
-128, ,-20, ,
-74, ,-20, ,
127, ,-20, ,
127, ,-20, ,
-101, ,-20, ,
-128, ,-19, ,
-128, ,-20, ,
127, ,-20, ,
127, ,-20, ,
51, ,-20, ,
-128, ,-20, ,
-128, ,-20, ,
-128, ,-19, ,
127, ,-20, ,
127, ,-20, ,
127, ,-20, ,
18, ,-20, ,
-7, ,-20, ,
-7, ,-20, ,
-96, ,-20, ,
-128, ,-19, ,
-128, ,-20, ,
-124, ,-20, ,
-27, ,-20, ,
127, ,-20, ,
127, ,-20, ,
102, ,-20, ,
-7, ,-19, ,
-23, ,-20, ,
-41, ,-20, ,
-95, ,-19, ,
-88, ,-20, ,
-27, ,-20, ,
6, ,-20, ,
18, ,-20, ,
10, ,-19, ,
-29, ,-20, ,
-54, ,-20, ,
-21, ,-20, ,
37, ,-20, ,
62, ,-20, ,
46, ,-20, ,
22, ,-20, ,
10, ,-20, ,
-1, ,-20, ,
-9, ,-20, ,
-6, ,-20, ,
-20, ,-20, ,
-49, ,-20, ,
-44, ,-20, ,
12, ,-20, ,
70, ,-20, ,
83, ,-20, ,
52, ,-20, ,
6, ,-20, ,
-35, ,-19, ,
-72, ,-19, ,
-98, ,-20, ,
-120, ,-20, ,
-122, ,-20, ,
-71, ,-19, ,
18, ,-20, ,
89, ,-20, ,
115, ,-20, ,
122, ,-20, ,
111, ,-20, ,
80, ,-20, ,
40, ,-20, ,
-5, ,-20, ,
-39, ,-20, ,
-59, ,-20, ,
-59, ,-20, ,
-46, ,-20, ,
-30, ,-20, ,
-21, ,-20, ,
-15, ,-19, ,
-9, ,-20, ,
-4, ,-20, ,
-6, ,-20, ,
-9, ,-20, ,
-9, ,-20, ,
-9, ,-20, ,
-5, ,-20, ,
6, ,-20, ,
20, ,-20, ,
24, ,-20, ,
21, ,-20, ,
18, ,-20, ,
17, ,-20, ,
15, ,-20, ,
5, ,-20, ,
-7, ,-19, ,
-18, ,-20, ,
-28, ,-20, ,
-34, ,-20, ,
-33, ,-20, ,
-28, ,-20, ,
-21, ,-20, ,
-10, ,-20, ,
4, ,-20, ,
16, ,-20, ,
20, ,-20, ,
21, ,-20, ,
21, ,-20, ,
20, ,-19, ,
17, ,-20, ,
11, ,-20, ,
9, ,-20, ,
10, ,-20, ,
10, ,-20, ,
9, ,-20, ,
6, ,-20, ,
1, ,-20, ,
-7, ,-19, ,
-17, ,-20, ,
-23, ,-19, ,
-28, ,-20, ,
-29, ,-20, ,
-28, ,-20, ,
-21, ,-20, ,
-11, ,-20, ,
-1, ,-20, ,
6, ,-20, ,
11, ,-20, ,
12, ,-20, ,
13, ,-20, ,
13, ,-20, ,
13, ,-20, ,
11, ,-20, ,
6, ,-20, ,
0, ,-20, ,
-4, ,-20, ,
-5, ,-20, ,
-4, ,-20, ,
-2, ,-20, ,
0, ,-20, ,
1, ,-20, ,
1, ,-20, ,
-2, ,-20, ,
-5, ,-20, ,
-6, ,-20, ,
-6, ,-20, ,
-5, ,-20, ,
-4, ,-20, ,
-2, ,-19, ,
-1, ,-20, ,
1, ,-20, ,
5, ,-20, ,
7, ,-20, ,
7, ,-20, ,
6, ,-20, ,
4, ,-20, ,
1, ,-20, ,
-2, ,-20, ,
-6, ,-20, ,
-10, ,-20, ,
-12, ,-20, ,
-13, ,-20, ,
-12, ,-20, ,
-11, ,-20, ,
-7, ,-20, ,
-4, ,-20, ,
0, ,-20, ,
2, ,-19, ,
6, ,-20, ,
9, ,-20, ,
9, ,-20, ,
9, ,-20, ,
9, ,-20, ,
9, ,-20, ,
7, ,-20, ,
5, ,-20, ,
2, ,-20, ,
0, ,-20, ,
-1, ,-20, ,
-2, ,-20, ,
-4, ,-20, ,
-6, ,-20, ,
-7, ,-20, ,
-7, ,-20, ,
-6, ,-19, ,
-5, ,-19, ,
-4, ,-20, ,
-5, ,-19, ,
-4, ,-20, ,
-1, ,-20, ,
1, ,-20, ,
1, ,-20, ,
0, ,-20, ,
0, ,-20, ,
0, ,-20, ,
1, ,-20, ,
2, ,-20, ,
4, ,-20, ,
4, ,-20, ,
2, ,-20, ,
1, ,-20, ,
0, ,-20, ,
-1, ,-20, ,
-2, ,-20, ,
-2, ,-20, ,
-4, ,-20, ,
-4, ,-20, ,
-4, ,-20, ,
-2, ,-20, ,
0, ,-20, ,
1, ,-20, ,
2, ,-20, ,
2, ,-20, ,
1, ,-20, ,
0, ,-20, ,
-1, ,-20, ,
-2, ,-19, ,
-1, ,-20, ,
-1, ,-20, ,
-2, ,-20, ,
0, ,-20, ,
1, ,-20, ,
1, ,-20, ,
1, ,-19, ,
0, ,-19, ,
-1, ,-20, ,
-4, ,-20, ,
-5, ,-20, ,
-6, ,-20, ,
-6, ,-20, ,
-4, ,-20, ,
-4, ,-20, ,
-1, ,-20, ,
0, ,-20, ,
1, ,-20, ,
1, ,-20, ,
0, ,-20, ,
0, ,-20, ,
1, ,-20, ,
1, ,-20, ,
1, ,-20, ,
1, ,-20, ,
1, ,-20, ,
2, ,-20, ,
2, ,-19, ,
2, ,-19, ,
2, ,-20, ,
1, ,-20, ,
1, ,-20, ,
0, ,-20, ,
0, ,-20, ,
0, ,-20, ,
0, ,-20, ,
-1, ,-20, ,
-1, ,-20, ,
-2, ,-20, ,
-2, ,-19, ,
-2, ,-20, ,
-2, ,-20, ,
-1, ,-20, ,
-1, ,-20, ,
-2, ,-20, ,
-2, ,-20, ,
-2, ,-20, ,
-2, ,-20, ,
-2, ,-20, ,
-4, ,-19, ,
-4, ,-20, ,
-4, ,-20, ,
-2, ,-20, ,
-1, ,-20, ,
0, ,-20, ,
0, ,-20, ,
0, ,-20, ,
1, ,-20, ,
1, ,-20, ,
2, ,-20, ,
2, ,-20, ,
2, ,-20, ,
2, ,-20, ,
2, ,-20, ,
1, ,-20, ,
1, ,-19, ,
0, ,-20, ,
0, ,-19, ,
0, ,-20, ,
-1, ,-20, ,
-1, ,-19, ,
-1, ,-20, ,
-1, ,-20, ,
-1, ,-20, ,
-1, ,-20, ,
-1, ,-20, ,
-1, ,-20, ,
-1, ,-20, ,
-1, ,-20, ,
-1, ,-20, ,
0, ,-20, ,
0, ,-20, ,
0, ,-20, ,
-1, ,-20, ,
-1, ,-20, ,
-1, ,-20, ,
-1, ,-20, ,
-1, ,-20, ,
-2, ,-20, ,
-2, ,-19, ,
-2, ,-20, ,
-1, ,-20, ,
0, ,-20, ,
0, ,-20, ,
0, ,-19, ,
0, ,-20, ,
1, ,-20, ,
1, ,-20, ,
0, ,-20, ,
0, ,-20, ,
0, ,-20, ,
0, ,-20, ,
0, ,-19, ,
0, ,-20, ,
0, ,-20, ,
-1, ,-20, ,
-1, ,-20, ,
-1, ,-20, ,
-2, ,-20, ,
-2, ,-20, ,
-2, ,-20, ,
-2, ,-19, ,
-2, ,-20, ,
-1, ,-20, ,
-1, ,-20, ,
-1, ,-20, ,
0, ,-20, ,
0, ,-20, ,
0, ,-19, ,
0, ,-19, ,
0, ,-20, ,
1, ,-20, ,
1, ,-19, ,
1, ,-20, ,
0, ,-20, ,
0, ,-20, ,
-1, ,-20, ,
-1, ,-20, ,
-1, ,-20, ,
-1, ,-20, ,
-1, ,-20, ,
-1, ,-20, ,
-1, ,-20, ,
-1, ,-19, ,
0, ,-20, ,
-1, ,-20, ,
-1, ,-20, ,
-1, ,-20, ,
0, ,-19, ,
0, ,-20, ,
0, ,-20, ,
0, ,-20, ,
-1, ,-19, ,
-1, ,-20, ,
-1, ,-20, ,
-1, ,-20, ,
-1, ,-20, ,
-1, ,-19, ,
-1, ,-20, ,
-1, ,-20, ,
-1, ,-19, ,
-1, ,-20, ,
-1, ,-19, ,
-1, ,-20, ,
0, ,-20, ,
0, ,-20, ,
-1, ,-20, ,
0, ,-20, ,
0, ,-20, ,
0, ,-20, ,
0, ,-20, ,
0, ,-20, ,
0, ,-20, ,
0, ,-20, ,
-1, ,-20, ,
-1, ,-20, ,
0, ,-20, ,
0, ,-20, ,
0, ,-20, ,
-1, ,-20, ,
-2, ,-20, ,
-2, ,-20, ,
-2, ,-20, ,
-1, ,-20, ,
0, ,-20, ,
0, ,-19, ,
0, ,-20, ,
0, ,-20, ,
0, ,-20, ,
-1, ,-20, ,
0, ,-20, ,
0, ,-20, ,
0, ,-20, ,
0, ,-20, ,
0, ,-20, ,
-1, ,-19, ,
-1, ,-19, ,
-1, ,-20, ,
0, ,-20, ,
0, ,-20, ,
0, ,-19, ,
-1, ,-20, ,
-1, ,-20, ,
-1, ,-20, ,
-1, ,-20, ,
-1, ,-20, ,
-1, ,-20, ,
-1, ,-20, ,
-1, ,-20, ,
-1, ,-20, ,
-1, ,-20, ,
0, ,-20, ,
0, ,-20, ,
0, ,-20, ,
0, ,-20, ,
0, ,-20, ,
0, ,-20, ,
0, ,-20, ,
0, ,-20, ,
0, ,-20, ,
-1, ,-20, ,
-2, ,-20, ,
-1, ,-20, ,
-1, ,-20, ,
-1, ,-20, ,
-2, ,-20, ,
-1, ,-20, ,
0, ,-20, ,
0, ,-20, ,
0, ,-20, ,
0, ,-20, ,
-2, ,-20, ,
-2, ,-20, ,
0, ,-20, ,
1, ,-20, ,
0, ,-20, ,
0, ,-20, ,
-1, ,-20, ,
-1, ,-20, ,
-1, ,-20, ,
-1, ,-19, ,
-1, ,-20, ,
0, ,-20, ,
-1, ,-20, ,
0, ,-20, ,
0, ,-20, ,
0, ,-20, ,
0, ,-20, ,
0, ,-19, ,
0, ,-20, ,
0, ,-20, ,
-1, ,-20, ,
-1, ,-20, ,
0, ,-20, ,
0, ,-20, ,
0, ,-20, ,
-1, ,-20, ,
-2, ,-20, ,
-2, ,-20, ,
-1, ,-20, ,
-1, ,-20, ,
0, ,-20, ,
0, ,-20, ,
0, ,-20, ,
-1, ,-20, ,
-1, ,-20, ,
-1, ,-20, ,
-1, ,-20, ,
-1, ,-20, ,
-1, ,-19, ,
-1, ,-20, ,
-1, ,-20, ,
0, ,-20, ,
0, ,-20, ,
0, ,-20, ,
0, ,-20, ,
0, ,-20, ,
0, ,-20, ,
-1, ,-20, ,
-1, ,-20, ,
-1, ,-20, ,
0, ,-20, ,
0, ,-20, ,
0, ,-20, ,
0, ,-20, ,
0, ,-19, ,
-1, ,-20, ,
-1, ,-20, ,
-1, ,-20, ,
0, ,-20, ,
-1, ,-20, ,
-1, ,-20, ,
-1, ,-20, ,
-1, ,-20, ,
0, ,-20, ,
0, ,-20, ,
0, ,-20, ,
-1, ,-20, ,
-1, ,-20, ,
-1, ,-20, ,
-1, ,-20, ,
-1, ,-20, ,
-1, ,-20, ,
-1, ,-20, ,
-1, ,-20, ,
-1, ,-20, ,
-1, ,-20, ,
0, ,-20, ,
-1, ,-20, ,
-1, ,-19, ,
0, ,-20, ,
0, ,-20, ,
0, ,-20, ,
-1, ,-20, ,
-1, ,-20, ,
0, ,-20, ,
0, ,-20, ,
0, ,-20, ,
0, ,-20, ,
0, ,-20, ,
0, ,-19, ,
0, ,-20, ,
0, ,-20, ,
-1, ,-20, ,
-1, ,-20, ,
-1, ,-20, ,
-1, ,-20, ,
-1, ,-20, ,
-1, ,-20, ,
-1, ,-20, ,
-1, ,-20, ,
0, ,-20, ,
0, ,-20, ,
-1, ,-20, ,
-1, ,-20, ,
-1, ,-20, ,
-1, ,-20, ,
-1, ,-20, ,
-1, ,-20, ,
0, ,-20, ,
0, ,-20, ,
0, ,-20, ,
0, ,-20, ,
0, ,-20, ,
0, ,-20, ,
0, ,-20, ,
0, ,-20, ,
-1, ,-19, ,
-1, ,-20, ,
-1, ,-20, ,
-1, ,-20, ,
0, ,-20, ,
0, ,-20, ,
0, ,-20, ,
-1, ,-20, ,
-1, ,-20, ,
0, ,-20, ,
0, ,-20, ,
0, ,-20, ,
0, ,-20, ,
-1, ,-20, ,
-1, ,-20, ,
-1, ,-20, ,
-1, ,-20, ,
0, ,-20, ,
0, ,-20, ,
0, ,-20, ,
0, ,-20, ,
-1, ,-19, ,
0, ,-20, ,
0, ,-20, ,
-1, ,-20, ,
-1, ,-20, ,
-1, ,-20, ,
0, ,-20, ,
0, ,-20, ,
-1, ,-20, ,
0, ,-20, ,
0, ,-20, ,
0, ,-20, ,
-1, ,-20, ,
-1, ,-20, ,
-1, ,-20, ,
0, ,-20, ,
0, ,-20, ,
0, ,-20, ,
0, ,-20, ,
0, ,-20, ,
0, ,-20, ,
-1, ,-20, ,
-1, ,-20, ,
-1, ,-20, ,
-1, ,-20, ,
0, ,-20, ,
0, ,-20, ,
-1, ,-20, ,
-1, ,-20, ,
-1, ,-20, ,
-1, ,-20, ,
0, ,-20, ,
0, ,-20, ,
-1, ,-20, ,
-1, ,-20, ,
-1, ,-20, ,
-1, ,-20, ,
-1, ,-20, ,
-1, ,-20, ,
0, ,-20, ,
0, ,-20, ,
-1, ,-20, ,
-1, ,-20, ,
0, ,-20, ,
0, ,-20, ,
0, ,-20, ,
0, ,-20, ,
0, ,-20, ,
0, ,-20, ,
0, ,-20, ,
-1, ,-20, ,
0, ,-20, ,
0, ,-20, ,
0, ,-20, ,
-1, ,-20, ,
-1, ,-20, ,
-1, ,-20, ,
0, ,-20, ,
0, ,-20, ,
0, ,-20, ,
-1, ,-19, ,
-1, ,-20, ,
-1, ,-20, ,
-1, ,-20, ,
0, ,-20, ,
0, ,-20, ,
0, ,-20, ,
-1, ,-20, ,
-1, ,-20, ,
-1, ,-20, ,
0, ,-19, ,
0, ,-20, ,
0, ,-20, ,
-1, ,-20, ,
-1, ,-20, ,
0, ,-20, ,
-1, ,-19, ,
-1, ,-20, ,
-1, ,-20, ,
-1, ,-20, ,
-1, ,-20, ,
0, ,-20, ,
0, ,-20, ,
0, ,-20, ,
-1, ,-20, ,
-1, ,-20, ,
-1, ,-20, ,
0, ,-20, ,
0, ,-20, ,
0, ,-20, ,
0, ,-20, ,
-1, ,-19, ,
-1, ,-20, ,
0, ,-20, ,
0, ,-20, ,
0, ,-20, ,
0, ,-20, ,
0, ,-20, ,
-1, ,-20, ,
-1, ,-20, ,
0, ,-20, ,
-1, ,-20, ,
-1, ,-20, ,
-1, ,-20, ,
0, ,-19, ,
0, ,-19, ,
0, ,-20, ,
-1, ,-20, ,
-1, ,-20, ,
-1, ,-20, ,
-1, ,-20, ,
-1, ,-20, ,
0, ,-20, ,
0, ,-20, ,
-1, ,-20, ,
-1, ,-20, ,
-1, ,-20, ,
0, ,-19, ,
0, ,-20, ,
0, ,-20, ,
0, ,-20, ,
-1, ,-19, ,
-1, ,-20, ,
-1, ,-20, ,
-1, ,-20, ,
0, ,-20, ,
-1, ,-20, ,
-1, ,-20, ,
-1, ,-20, ,
0, ,-20, ,
0, ,-20, ,
-1, ,-20, ,
-1, ,-20, ,
0, ,-20, ,
0, ,-20, ,
0, ,-20, ,
-1, ,-20, ,
-1, ,-20, ,
-1, ,-20, ,
-1, ,-20, ,
-1, ,-20, ,
0, ,-20, ,
0, ,-20, ,
-1, ,-20, ,
-1, ,-20, ,
-1, ,-20, ,
-1, ,-20, ,
0, ,-20, ,
0, ,-20, ,
0, ,-20, ,
0, ,-20, ,
0, ,-20, ,
0, ,-20, ,
0, ,-20, ,
0, ,-20, ,
-1, ,-20, ,
-1, ,-20, ,
0, ,-20, ,
0, ,-20, ,
-1, ,-20, ,
-1, ,-20, ,
-1, ,-20, ,
-1, ,-20, ,
0, ,-20, ,
0, ,-20, ,
-1, ,-20, ,
-1, ,-20, ,
-1, ,-20, ,
-1, ,-20, ,
0, ,-20, ,
0, ,-20, ,
-1, ,-20, ,
-1, ,-20, ,
-1, ,-20, ,
-1, ,-20, ,
0, ,-20, ,
0, ,-20, ,
0, ,-20, ,
0, ,-20, ,
0, ,-20, ,
0, ,-20, ,
0, ,-20, ,
-1, ,-20, ,
-1, ,-20, ,
-1, ,-20, ,
-1, ,-20, ,
0, ,-20, ,
0, ,-20, ,
0, ,-20, ,
-1, ,-20, ,
-1, ,-20, ,
-1, ,-20, ,
-1, ,-20, ,
-1, ,-20, ,
-1, ,-20, ,
-1, ,-20, ,
-1, ,-19, ,
0, ,-20, ,
0, ,-20, ,
0, ,-20, ,
0, ,-20, ,
0, ,-19, ,
-1, ,-20, ,
-1, ,-20, ,
-1, ,-20, ,
-1, ,-20, ,
-1, ,-20, ,
-1, ,-20, ,
-1, ,-20, ,
-1, ,-20, ,
-1, ,-20, ,
-1, ,-20, ,
0, ,-20, ,
0, ,-20, ,
0, ,-20, ,
0, ,-20, ,
0, ,-20, ,
0, ,-20, ,
0, ,-20, ,
-1, ,-20, ,
-1, ,-20, ,
-1, ,-20, ,
0, ,-20, ,
0, ,-20, ,
0, ,-20, ,
-1, ,-20, ,
-1, ,-20, ,
-1, ,-20, ,
0, ,-20, ,
0, ,-20, ,
-1, ,-20, ,
-1, ,-20, ,
-1, ,-20, ,
-1, ,-20, ,
-1, ,-20, ,
0, ,-20, ,
0, ,-20, ,
0, ,-20, ,
0, ,-20, ,
-1, ,-20, ,
-1, ,-20, ,
-1, ,-20, ,
-1, ,-20, ,
-1, ,-20, ,
-1, ,-20, ,
0, ,-20, ,
0, ,-20, ,
0, ,-20, ,
-1, ,-20, ,
-1, ,-20, ,
0, ,-20, ,
0, ,-20, ,
0, ,-19, ,
0, ,-20, ,
0, ,-20, ,
-1, ,-20, ,
-1, ,-20, ,
0, ,-20, ,
0, ,-20, ,
0, ,-20, ,
0, ,-20, ,
-1, ,-20, ,
-1, ,-20, ,
-1, ,-20, ,
-1, ,-19, ,
-1, ,-20, ,
0, ,-20, ,
0, ,-19, ,
-1, ,-20, ,
-1, ,-20, ,
-1, ,-20, ,
0, ,-20, ,
0, ,-20, ,
0, ,-20, ,
0, ,-20, ,
0, ,-20, ,
0, ,-20, ,
-1, ,-20, ,
-1, ,-20, ,
-1, ,-20, ,
-1, ,-20, ,
0, ,-20, ,
-1, ,-20, ,
-1, ,-20, ,
-1, ,-20, ,
0, ,-20, ,
0, ,-20, ,
0, ,-20, ,
0, ,-20, ,
0, ,-20, ,
-1, ,-20, ,
-1, ,-20, ,
-1, ,-20, ,
-1, ,-20, ,
0, ,-20, ,
0, ,-20, ,
-1, ,-20, ,
0, ,-20, ,
0, ,-20, ,
0, ,-20, ,
0, ,-20, ,
0, ,-20, ,
0, ,-20, ,
-1, ,-20, ,
-1, ,-20, ,
0, ,-20, ,
-1, ,-20, ,
-1, ,-20, ,
-1, ,-20, ,
-1, ,-20, ,
0, ,-20, ,
0, ,-20, ,
0, ,-20, ,
0, ,-20, ,
0, ,-19, ,
0, ,-20, ,
-1, ,-19, ,
-1, ,-20, ,
0, ,-20, ,
0, ,-20, ,
-1, ,-20, ,
0, ,-20, ,
0, ,-20, ,
0, ,-20, ,
-1, ,-20, ,
-1, ,-20, ,
0, ,-20, ,
-1, ,-20, ,
-1, ,-20, ,
-1, ,-20, ,
-1, ,-20, ,
-1, ,-20, ,
-1, ,-20, ,
0, ,-20, ,
-1, ,-20, ,
-1, ,-20, ,
-1, ,-20, ,
-1, ,-20, ,
0, ,-20, ,
0, ,-20, ,
0, ,-20, ,
-1, ,-20, ,
-1, ,-20, ,
-1, ,-20, ,
0, ,-20, ,
0, ,-20, ,
0, ,-20, ,
-1, ,-20, ,
-1, ,-20, ,
0, ,-20, ,
0, ,-20, ,
0, ,-20, ,
0, ,-20, ,
0, ,-20, ,
0, ,-20, ,
0, ,-20, ,
0, ,-20, ,
0, ,-20, ,
0, ,-20, ,
-1, ,-20, ,
-1, ,-20, ,
-1, ,-20, ,
-1, ,-20, ,
0, ,-20, ,
0, ,-20, ,
-1, ,-20, ,
0, ,-20, ,
-1, ,-20, ,
0, ,-20, ,
0, ,-20, ,
0, ,-20, ,
-1, ,-20, ,
-1, ,-20, ,
-1, ,-20, ,
0, ,-20, ,
-1, ,-20, ,
-1, ,-20, ,
-1, ,-20, ,
0, ,-20, ,
0, ,-20, ,
0, ,-20, ,
-1, ,-20, ,
0, ,-20, ,
-1, ,-20, ,
-1, ,-19, ,
-1, ,-20, ,
0, ,-20, ,
0, ,-20, ,
0, ,-20, ,
0, ,-20, ,
0, ,-20, ,
-1, ,-20, ,
-1, ,-20, ,
-1, ,-20, ,
-1, ,-20, ,
-1, ,-20, ,
-1, ,-20, ,
-1, ,-20, ,
-1, ,-20, ,
-1, ,-20, ,
-1, ,-20, ,
0, ,-20, ,
0, ,-20, ,
0, ,-20, ,
0, ,-20, ,
0, ,-20, ,
0, ,-20, ,
0, ,-20, ,
0, ,-20, ,
-1, ,-20, ,
-1, ,-20, ,
-1, ,-20, ,
-1, ,-19, ,
0, ,-20, ,
-1, ,-20, ,
-1, ,-20, ,
-1, ,-19, ,
-1, ,-20, ,
0, ,-20, ,
0, ,-20, ,
0, ,-20, ,
0, ,-20, ,
-1, ,-20, ,
-1, ,-20, ,
-1, ,-20, ,
-1, ,-20, ,
0, ,-20, ,
0, ,-20, ,
0, ,-20, ,
-1, ,-20, ,
-1, ,-20, ,
-1, ,-20, ,
-1, ,-20, ,
0, ,-20, ,
0, ,-20, ,
-1, ,-20, ,
0, ,-20, ,
0, ,-20, ,
0, ,-20, ,
0, ,-20, ,
-1, ,-19, ,
-1, ,-20, ,
0, ,-20, ,
0, ,-20, ,
0, ,-20, ,
-1, ,-20, ,
0, ,-20, ,
0, ,-20, ,
-1, ,-20, ,
-1, ,-20, ,
-1, ,-20, ,
-1, ,-20, ,
-1, ,-20, ,
-1, ,-19, ,
0, ,-20, ,
0, ,-20, ,
-1, ,-20, ,
-1, ,-20, ,
-1, ,-20, ,
-1, ,-20, ,
-1, ,-20, ,
-1, ,-20, ,
-1, ,-20, ,
0, ,-20, ,
0, ,-20, ,
0, ,-20, ,
-1, ,-20, ,
0, ,-20, ,
0, ,-20, ,
0, ,-20, ,
-1, ,-20, ,
-1, ,-20, ,
-1, ,-20, ,
0, ,-19, ,
0, ,-20, ,
0, ,-20, ,
0, ,-20, ,
-1, ,-20, ,
-1, ,-20, ,
-1, ,-20, ,
0, ,-20, ,
0, ,-20, ,
0, ,-20, ,
-1, ,-20, ,
-1, ,-20, ,
-1, ,-20, ,
0, ,-20, ,
0, ,-20, ,
-1, ,-20, ,
-1, ,-20, ,
-1, ,-20, ,
-1, ,-20, ,
-1, ,-20, ,
0, ,-20, ,
0, ,-20, ,
0, ,-20, ,
-1, ,-20, ,
-1, ,-19, ,
-1, ,-20, ,
-1, ,-20, ,
-1, ,-20, ,
0, ,-20, ,
0, ,-20, ,
0, ,-20, ,
-1, ,-20, ,
-1, ,-20, ,
-1, ,-20, ,
-1, ,-20, ,
-1, ,-20, ,
-1, ,-20, ,
0, ,-20, ,
-1, ,-20, ,
0, ,-20, ,
0, ,-20, ,
0, ,-20, ,
-1, ,-20, ,
-1, ,-20, ,
-1, ,-20, ,
0, ,-20, ,
0, ,-20, ,
0, ,-20, ,
0, ,-20, ,
0, ,-20, ,
-1, ,-20, ,
-1, ,-20, ,
-1, ,-20, ,
-1, ,-20, ,
-1, ,-20, ,
-1, ,-20, ,
0, ,-20, ,
0, ,-20, ,
-1, ,-20, ,
0, ,-20, ,
-1, ,-20, ,
-1, ,-20, ,
-1, ,-20, ,
0, ,-20, ,
0, ,-20, ,
0, ,-20, ,
-1, ,-20, ,
-1, ,-20, ,
0, ,-20, ,
0, ,-20, ,
0, ,-20, ,
0, ,-20, ,
-1, ,-19, ,
-1, ,-20, ,
0, ,-20, ,
-1, ,-20, ,
-1, ,-20, ,
0, ,-20, ,
0, ,-20, ,
0, ,-20, ,
-1, ,-20, ,
-1, ,-20, ,
-1, ,-20, ,
-1, ,-20, ,
0, ,-20, ,
0, ,-20, ,
-1, ,-20, ,
-1, ,-20, ,
-1, ,-19, ,
-1, ,-20, ,
-1, ,-20, ,
0, ,-20, ,
0, ,-20, ,
0, ,-20, ,
0, ,-20, ,
-1, ,-20, ,
-1, ,-20, ,
-1, ,-20, ,
0, ,-20, ,
0, ,-20, ,
0, ,-20, ,
0, ,-20, ,
0, ,-20, ,
-1, ,-19, ,
-1, ,-20, ,
-1, ,-20, ,
-1, ,-20, ,
-1, ,-20, ,
0, ,-20, ,
0, ,-20, ,
-1, ,-20, ,
-1, ,-20, ,
0, ,-19, ,
0, ,-20, ,
0, ,-19, ,
-1, ,-19, ,
-1, ,-20, ,
-1, ,-20, ,
-1, ,-20, ,
0, ,-20, ,
0, ,-19, ,
0, ,-20, ,
-1, ,-20, ,
-1, ,-20, ,
-1, ,-20, ,
-1, ,-20, ,
0, ,-20, ,
0, ,-20, ,
0, ,-20, ,
0, ,-20, ,
0, ,-20, ,
0, ,-20, ,
0, ,-20, ,
0, ,-20, ,
0, ,-20, ,
-1, ,-20, ,
-1, ,-19, ,
-1, ,-20, ,
-1, ,-20, ,
-1, ,-20, ,
0, ,-20, ,
0, ,-20, ,
-1, ,-20, ,
-1, ,-20, ,
-1, ,-20, ,
0, ,-20, ,
0, ,-19, ,
0, ,-19, ,
0, ,-20, ,
0, ,-20, ,
-1, ,-20, ,
-1, ,-20, ,
-1, ,-20, ,
-1, ,-20, ,
0, ,-20, ,
0, ,-20, ,
0, ,-20, ,
-1, ,-20, ,
-1, ,-20, ,
-1, ,-20, ,
-1, ,-20, ,
0, ,-20, ,
0, ,-20, ,
0, ,-20, ,
0, ,-20, ,
0, ,-20, ,
-1, ,-20, ,
-1, ,-20, ,
-1, ,-20, ,
-1, ,-20, ,
-1, ,-20, ,
0, ,-20, ,
-1, ,-20, ,
-1, ,-20, ,
0, ,-20, ,
0, ,-20, ,
0, ,-20, ,
0, ,-20, ,
0, ,-20, ,
-1, ,-20, ,
-1, ,-20, ,
0, ,-20, ,
0, ,-20, ,
0, ,-20, ,
0, ,-20, ,
0, ,-20, ,
0, ,-20, ,
-1, ,-20, ,
0, ,-20, ,
-1, ,-20, ,
-1, ,-20, ,
-1, ,-20, ,
0, ,-20, ,
-1, ,-20, ,
-1, ,-20, ,
-1, ,-20, ,
-1, ,-20, ,
-1, ,-20, ,
0, ,-20, ,
0, ,-20, ,
0, ,-20, ,
0, ,-20, ,
-1, ,-20, ,
-1, ,-20, ,
-1, ,-20, ,
-1, ,-20, ,
0, ,-20, ,
0, ,-20, ,
0, ,-20, ,
0, ,-20, ,
-1, ,-20, ,
-1, ,-20, ,
-1, ,-20, ,
-1, ,-20, ,
-1, ,-20, ,
0, ,-20, ,
0, ,-20, ,
0, ,-20, ,
0, ,-20, ,
-1, ,-20, ,
-1, ,-20, ,
-1, ,-20, ,
-1, ,-20, ,
-1, ,-20, ,
0, ,-19, ,
-1, ,-20, ,
0, ,-20, ,
0, ,-20, ,
0, ,-20, ,
-1, ,-20, ,
-1, ,-20, ,
-1, ,-20, ,
-1, ,-20, ,
0, ,-20, ,
0, ,-20, ,
0, ,-20, ,
-1, ,-20, ,
-1, ,-20, ,
-1, ,-20, ,
0, ,-20, ,
-1, ,-20, ,
-1, ,-20, ,
-1, ,-20, ,
-1, ,-20, ,
0, ,-20, ,
0, ,-20, ,
0, ,-20, ,
0, ,-20, ,
-1, ,-20, ,
-1, ,-20, ,
-1, ,-20, ,
0, ,-20, ,
0, ,-20, ,
0, ,-20, ,
0, ,-20, ,
0, ,-20, ,
0, ,-20, ,
0, ,-20, ,
-1, ,-20, ,
-1, ,-20, ,
-1, ,-20, ,
0, ,-20, ,
0, ,-20, ,
-1, ,-19, ,
0, ,-20, ,
0, ,-20, ,
-1, ,-20, ,
-1, ,-20, ,
-1, ,-20, ,
-1, ,-20, ,
0, ,-20, ,
0, ,-20, ,
0, ,-20, ,
0, ,-20, ,
-1, ,-20, ,
-1, ,-20, ,
-1, ,-20, ,
-1, ,-20, ,
0, ,-20, ,
0, ,-20, ,
0, ,-20, ,
0, ,-20, ,
-1, ,-20, ,
-1, ,-20, ,
-1, ,-20, ,
0, ,-20, ,
-1, ,-20, ,
0, ,-20, ,
0, ,-20, ,
0, ,-20, ,
-1, ,-20, ,
-1, ,-20, ,
-1, ,-20, ,
-1, ,-20, ,
0, ,-20, ,
0, ,-20, ,
0, ,-20, ,
-1, ,-20, ,
-1, ,-20, ,
0, ,-20, ,
-1, ,-20, ,
-1, ,-20, ,
0, ,-20, ,
0, ,-20, ,
-1, ,-20, ,
-1, ,-20, ,
-1, ,-20, ,
-1, ,-20, ,
-1, ,-20, ,
-1, ,-20, ,
-1, ,-20, ,
-1, ,-20, ,
-1, ,-20, ,
0, ,-20, ,
-1, ,-20, ,
0, ,-20, ,
0, ,-20, ,
0, ,-20, ,
0, ,-20, ,
0, ,-20, ,
0, ,-20, ,
0, ,-20, ,
0, ,-20, ,
-1, ,-20, ,
-1, ,-20, ,
-1, ,-20, ,
0, ,-20, ,
0, ,-20, ,
-1, ,-20, ,
-1, ,-20, ,
-1, ,-20, ,
-1, ,-20, ,
0, ,-20, ,
-1, ,-20, ,
-1, ,-20, ,
-1, ,-19, ,
0, ,-20, ,
0, ,-20, ,
0, ,-20, ,
0, ,-20, ,
0, ,-20, ,
0, ,-20, ,
-1, ,-20, ,
-1, ,-20, ,
-1, ,-20, ,
-1, ,-20, ,
-1, ,-20, ,
-1, ,-20, ,
-1, ,-20, ,
0, ,-20, ,
0, ,-20, ,
0, ,-20, ,
0, ,-20, ,
0, ,-20, ,
0, ,-20, ,
0, ,-20, ,
0, ,-20, ,
0, ,-20, ,
-1, ,-20, ,
-1, ,-20, ,
-1, ,-20, ,
0, ,-20, ,
0, ,-20, ,
0, ,-20, ,
0, ,-20, ,
0, ,-20, ,
0, ,-20, ,
-1, ,-20, ,
-1, ,-20, ,
-1, ,-20, ,
-1, ,-20, ,
-1, ,-20, ,
-1, ,-20, ,
-1, ,-20, ,
-1, ,-20, ,
-1, ,-19, ,
0, ,-20, ,
0, ,-20, ,
0, ,-20, ,
0, ,-20, ,
-1, ,-20, ,
-1, ,-20, ,
-1, ,-20, ,
-1, ,-20, ,
0, ,-20, ,
0, ,-20, ,
0, ,-20, ,
-1, ,-20, ,
0, ,-19, ,
0, ,-20, ,
0, ,-20, ,
0, ,-19, ,
-1, ,-20, ,
-1, ,-20, ,
-1, ,-20, ,
-1, ,-20, ,
0, ,-20, ,
0, ,-20, ,
0, ,-20, ,
-1, ,-20, ,
-1, ,-20, ,
0, ,-20, ,
0, ,-20, ,
0, ,-20, ,
0, ,-20, ,
0, ,-20, ,
-1, ,-20, ,
-1, ,-19, ,
0, ,-20, ,
0, ,-20, ,
-1, ,-20, ,
-1, ,-20, ,
0, ,-20, ,
0, ,-20, ,
0, ,-20, ,
0, ,-20, ,
-1, ,-20, ,
-1, ,-20, ,
-1, ,-20, ,
-1, ,-19, ,
-1, ,-20, ,
-1, ,-20, ,
0, ,-20, ,
0, ,-20, ,
0, ,-20, ,
0, ,-20, ,
0, ,-20, ,
-1, ,-20, ,
-1, ,-20, ,
0, ,-20, ,
-1, ,-20, ,
-1, ,-20, ,
0, ,-20, ,
0, ,-20, ,
0, ,-20, ,
0, ,-20, ,
-1, ,-20, ,
-1, ,-20, ,
-1, ,-20, ,
-1, ,-19, ,
0, ,-20, ,
-1, ,-20, ,
-1, ,-20, ,
-1, ,-20, ,
0, ,-20, ,
-1, ,-20, ,
-1, ,-20, ,
-1, ,-20, ,
0, ,-19, ,
0, ,-20, ,
-1, ,-20, ,
-1, ,-20, ,
-1, ,-20, ,
0, ,-20, ,
0, ,-20, ,
0, ,-20, ,
-1, ,-20, ,
-1, ,-20, ,
-1, ,-20, ,
0, ,-20, ,
0, ,-20, ,
0, ,-20, ,
0, ,-20, ,
-1, ,-20, ,
0, ,-20, ,
0, ,-20, ,
0, ,-20, ,
-1, ,-20, ,
-1, ,-20, ,
0, ,-20, ,
-1, ,-20, ,
-1, ,-20, ,
-1, ,-20, ,
0, ,-20, ,
0, ,-20, ,
0, ,-20, ,
0, ,-20, ,
-1, ,-20, ,
-1, ,-20, ,
-1, ,-19, ,
0, ,-20, ,
0, ,-20, ,
0, ,-20, ,
-1, ,-20, ,
-1, ,-20, ,
0, ,-20, ,
0, ,-20, ,
-1, ,-20, ,
0, ,-20, ,
-1, ,-20, ,
-1, ,-20, ,
0, ,-20, ,
-1, ,-20, ,
-1, ,-20, ,
-1, ,-20, ,
-1, ,-20, ,
-1, ,-20, ,
0, ,-20, ,
0, ,-20, ,
0, ,-20, ,
0, ,-20, ,
0, ,-20, ,
0, ,-20, ,
-1, ,-20, ,
-1, ,-20, ,
-1, ,-20, ,
-1, ,-20, ,
0, ,-20, ,
0, ,-20, ,
0, ,-20, ,
0, ,-20, ,
-1, ,-20, ,
0, ,-20, ,
-1, ,-20, ,
0, ,-20, ,
0, ,-20, ,
0, ,-20, ,
-1, ,-20, ,
0, ,-20, ,
0, ,-20, ,
0, ,-20, ,
0, ,-20, ,
0, ,-20, ,
-1, ,-20, ,
-1, ,-20, ,
-1, ,-20, ,
0, ,-20, ,
0, ,-20, ,
0, ,-20, ,
0, ,-20, ,
-1, ,-20, ,
-1, ,-20, ,
-1, ,-20, ,
-1, ,-20, ,
-1, ,-20, ,
0, ,-19, ,
-1, ,-20, ,
-1, ,-20, ,
-1, ,-20, ,
0, ,-20, ,
0, ,-20, ,
0, ,-20, ,
-1, ,-20, ,
-1, ,-20, ,
-1, ,-20, ,
0, ,-20, ,
0, ,-20, ,
-1, ,-20, ,
0, ,-20, ,
0, ,-20, ,
0, ,-20, ,
-1, ,-20, ,
0, ,-19, ,
0, ,-20, ,
0, ,-20, ,
-1, ,-20, ,
-1, ,-20, ,
-1, ,-20, ,
-1, ,-20, ,
0, ,-19, ,
0, ,-20, ,
0, ,-20, ,
0, ,-20, ,
-1, ,-20, ,
0, ,-20, ,
-1, ,-20, ,
0, ,-20, ,
-1, ,-20, ,
0, ,-20, ,
0, ,-20, ,
0, ,-20, ,
0, ,-20, ,
-1, ,-20, ,
-1, ,-20, ,
-1, ,-20, ,
0, ,-20, ,
0, ,-19, ,
0, ,-20, ,
-1, ,-20, ,
-1, ,-20, ,
0, ,-20, ,
0, ,-20, ,
0, ,-20, ,
-1, ,-20, ,
-1, ,-19, ,
-1, ,-20, ,
-1, ,-20, ,
-1, ,-20, ,
0, ,-20, ,
-1, ,-20, ,
0, ,-20, ,
0, ,-20, ,
0, ,-20, ,
0, ,-20, ,
-1, ,-20, ,
-1, ,-20, ,
-1, ,-20, ,
-1, ,-20, ,
-1, ,-20, ,
-1, ,-20, ,
0, ,-20, ,
0, ,-20, ,
0, ,-20, ,
0, ,-20, ,
-1, ,-20, ,
-1, ,-20, ,
0, ,-20, ,
0, ,-20, ,
-1, ,-20, ,
0, ,-20, ,
-1, ,-20, ,
0, ,-20, ,
0, ,-20, ,
0, ,-20, ,
0, ,-19, ,
0, ,-20, ,
-1, ,-20, ,
-1, ,-20, ,
-1, ,-20, ,
0, ,-20, ,
0, ,-20, ,
-1, ,-20, ,
-1, ,-20, ,
-1, ,-20, ,
0, ,-20, ,
0, ,-20, ,
0, ,-20, ,
0, ,-20, ,
0, ,-20, ,
0, ,-20, ,
0, ,-20, ,
-1, ,-19, ,
0, ,-20, ,
0, ,-20, ,
-1, ,-20, ,
-1, ,-20, ,
-1, ,-20, ,
-1, ,-20, ,
-1, ,-20, ,
0, ,-20, ,
0, ,-19, ,
0, ,-20, ,
-1, ,-20, ,
-1, ,-19, ,
0, ,-20, ,
0, ,-20, ,
0, ,-20, ,
0, ,-20, ,
-1, ,-19, ,
-1, ,-20, ,
-1, ,-20, ,
-1, ,-20, ,
0, ,-20, ,
0, ,-20, ,
-1, ,-20, ,
-1, ,-20, ,
-1, ,-20, ,
-1, ,-20, ,
-1, ,-20, ,
-1, ,-20, ,
0, ,-20, ,
0, ,-20, ,
0, ,-20, ,
0, ,-20, ,
0, ,-20, ,
-1, ,-20, ,
-1, ,-20, ,
-1, ,-20, ,
0, ,-20, ,
0, ,-20, ,
0, ,-20, ,
-1, ,-20, ,
0, ,-20, ,
-1, ,-20, ,
-1, ,-20, ,
-1, ,-20, ,
0, ,-20, ,
0, ,-20, ,
0, ,-20, ,
0, ,-20, ,
-1, ,-20, ,
-1, ,-20, ,
-1, ,-20, ,
0, ,-20, ,
0, ,-20, ,
-1, ,-20, ,
-1, ,-20, ,
-1, ,-20, ,
-1, ,-20, ,
0, ,-20, ,
-1, ,-20, ,
-1, ,-20, ,
-1, ,-20, ,
-1, ,-20, ,
0, ,-20, ,
-1, ,-20, ,
0, ,-20, ,
0, ,-19, ,
-1, ,-20, ,
0, ,-20, ,
0, ,-20, ,
0, ,-20, ,
-1, ,-20, ,
0, ,-19, ,
0, ,-20, ,
0, ,-20, ,
0, ,-20, ,
-1, ,-20, ,
-1, ,-20, ,
0, ,-19, ,
0, ,-20, ,
0, ,-20, ,
0, ,-19, ,
-1, ,-20, ,
-1, ,-20, ,
-1, ,-20, ,
-1, ,-19, ,
0, ,-20, ,
0, ,-20, ,
0, ,-20, ,
0, ,-20, ,
-1, ,-20, ,
-1, ,-20, ,
0, ,-20, ,
-1, ,-20, ,
-1, ,-20, ,
-1, ,-20, ,
-1, ,-20, ,
0, ,-20, ,
0, ,-20, ,
-1, ,-20, ,
-1, ,-20, ,
-1, ,-20, ,
-1, ,-20, ,
-1, ,-20, ,
0, ,-19, ,
0, ,-20, ,
0, ,-20, ,
0, ,-20, ,
0, ,-20, ,
0, ,-20, ,
0, ,-20, ,
-1, ,-20, ,
0, ,-20, ,
0, ,-20, ,
-1, ,-20, ,
-1, ,-20, ,
0, ,-19, ,
0, ,-19, ,
0, ,-20, ,
0, ,-20, ,
0, ,-19, ,
-1, ,-20, ,
-1, ,-20, ,
-1, ,-20, ,
-1, ,-20, ,
0, ,-20, ,
0, ,-20, ,
0, ,-20, ,
0, ,-19, ,
-1, ,-20, ,
-1, ,-20, ,
0, ,-20, ,
0, ,-20, ,
0, ,-20, ,
0, ,-20, ,
-1, ,-20, ,
-1, ,-20, ,
-1, ,-19, ,
0, ,-20, ,
0, ,-20, ,
-1, ,-20, ,
0, ,-19, ,
-1, ,-20, ,
-1, ,-20, ,
-1, ,-20, ,
-1, ,-20, ,
-1, ,-20, ,
0, ,-20, ,
0, ,-20, ,
0, ,-20, ,
0, ,-20, ,
0, ,-20, ,
-1, ,-20, ,
-1, ,-20, ,
0, ,-20, ,
-1, ,-20, ,
-1, ,-20, ,
0, ,-20, ,
0, ,-20, ,
0, ,-20, ,
-1, ,-20, ,
-1, ,-19, ,
-1, ,-20, ,
-1, ,-20, ,
0, ,-20, ,
0, ,-20, ,
0, ,-20, ,
0, ,-20, ,
-1, ,-20, ,
-1, ,-20, ,
-1, ,-19, ,
0, ,-20, ,
0, ,-20, ,
0, ,-20, ,
0, ,-20, ,
0, ,-20, ,
-1, ,-20, ,
-1, ,-20, ,
-1, ,-20, ,
-1, ,-20, ,
-1, ,-20, ,
-1, ,-20, ,
0, ,-20, ,
0, ,-20, ,
-1, ,-19, ,
-1, ,-20, ,
0, ,-20, ,
-1, ,-20, ,
-1, ,-20, ,
-1, ,-20, ,
-1, ,-20, ,
0, ,-20, ,
0, ,-20, ,
0, ,-20, ,
0, ,-20, ,
-1, ,-20, ,
-1, ,-20, ,
-1, ,-20, ,
-1, ,-20, ,
0, ,-20, ,
0, ,-20, ,
0, ,-20, ,
0, ,-20, ,
0, ,-20, ,
0, ,-20, ,
-1, ,-20, ,
0, ,-20, ,
-1, ,-20, ,
-1, ,-20, ,
0, ,-20, ,
-1, ,-20, ,
-1, ,-20, ,
-1, ,-20, ,
-1, ,-20, ,
0, ,-20, ,
0, ,-20, ,
0, ,-19, ,
0, ,-20, ,
-1, ,-20, ,
-1, ,-20, ,
-1, ,-19, ,
0, ,-20, ,
-1, ,-20, ,
-1, ,-20, ,
0, ,-20, ,
0, ,-20, ,
0, ,-20, ,
0, ,-20, ,
0, ,-20, ,
0, ,-20, ,
-1, ,-20, ,
-1, ,-20, ,
-1, ,-20, ,
-1, ,-20, ,
-1, ,-20, ,
-1, ,-19, ,
-1, ,-20, ,
0, ,-20, ,
-1, ,-20, ,
-1, ,-20, ,
0, ,-20, ,
0, ,-20, ,
0, ,-20, ,
0, ,-20, ,
0, ,-20, ,
0, ,-20, ,
-1, ,-20, ,
-1, ,-20, ,
-1, ,-20, ,
-1, ,-20, ,
0, ,-20, ,
0, ,-20, ,
0, ,-20, ,
0, ,-20, ,
0, ,-20, ,
-1, ,-20, ,
-1, ,-20, ,
-1, ,-20, ,
-1, ,-20, ,
-1, ,-20, ,
0, ,-19, ,
0, ,-20, ,
-1, ,-20, ,
0, ,-20, ,
0, ,-20, ,
0, ,-20, ,
-1, ,-20, ,
-1, ,-19, ,
-1, ,-20, ,
-1, ,-19, ,
0, ,-20, ,
0, ,-20, ,
0, ,-20, ,
-1, ,-20, ,
-1, ,-20, ,
-1, ,-20, ,
-1, ,-20, ,
0, ,-20, ,
-1, ,-20, ,
-1, ,-20, ,
-1, ,-20, ,
-1, ,-20, ,
-1, ,-20, ,
-1, ,-20, ,
0, ,-20, ,
0, ,-20, ,
-1, ,-20, ,
-1, ,-20, ,
-1, ,-20, ,
-1, ,-20, ,
0, ,-20, ,
-1, ,-20, ,
0, ,-20, ,
-1, ,-20, ,
-1, ,-20, ,
0, ,-20, ,
0, ,-19, ,
0, ,-20, ,
0, ,-20, ,
0, ,-20, ,
-1, ,-20, ,
-1, ,-20, ,
0, ,-20, ,
-1, ,-20, ,
-1, ,-20, ,
0, ,-20, ,
0, ,-20, ,
0, ,-20, ,
-1, ,-20, ,
-1, ,-20, ,
0, ,-20, ,
-1, ,-20, ,
-1, ,-20, ,
0, ,-20, ,
0, ,-20, ,
0, ,-20, ,
0, ,-20, ,
-1, ,-20, ,
-1, ,-20, ,
-1, ,-20, ,
-1, ,-20, ,
0, ,-20, ,
0, ,-20, ,
0, ,-20, ,
0, ,-20, ,
0, ,-20, ,
0, ,-20, ,
0, ,-20, ,
-1, ,-20, ,
0, ,-19, ,
-1, ,-20, ,
-1, ,-20, ,
-1, ,-20, ,
-1, ,-20, ,
-1, ,-20, ,
-1, ,-20, ,
-1, ,-20, ,
-1, ,-20, ,
0, ,-20, ,
-1, ,-20, ,
-1, ,-20, ,
-1, ,-20, ,
-1, ,-20, ,
0, ,-20, ,
-1, ,-20, ,
-1, ,-20, ,
0, ,-20, ,
-1, ,-20, ,
0, ,-20, ,
0, ,-20, ,
0, ,-20, ,
0, ,-20, ,
-1, ,-20, ,
-1, ,-20, ,
-1, ,-20, ,
-1, ,-20, ,
-1, ,-20, ,
-1, ,-20, ,
-1, ,-20, ,
-1, ,-20, ,
-1, ,-20, ,
0, ,-19, ,
-1, ,-20, ,
-1, ,-20, ,
0, ,-20, ,
-1, ,-20, ,
0, ,-20, ,
0, ,-20, ,
0, ,-19, ,
0, ,-19, ,
-1, ,-20, ,
-1, ,-20, ,
0, ,-20, ,
-1, ,-20, ,
-1, ,-20, ,
-1, ,-20, ,
-1, ,-20, ,
0, ,-20, ,
0, ,-20, ,
0, ,-20, ,
-1, ,-20, ,
-1, ,-20, ,
0, ,-20, ,
0, ,-20, ,
0, ,-19, ,
-1, ,-19, ,
-1, ,-20, ,
-1, ,-20, ,
0, ,-20, ,
0, ,-20, ,
0, ,-20, ,
-1, ,-20, ,
-1, ,-19, ,
-1, ,-20, ,
-1, ,-20, ,
0, ,-20, ,
0, ,-20, ,
0, ,-20, ,
-1, ,-20, ,
0, ,-20, ,
0, ,-20, ,
0, ,-20, ,
-1, ,-20, ,
0, ,-20, ,
0, ,-20, ,
0, ,-20, ,
-1, ,-20, ,
-1, ,-20, ,
-1, ,-20, ,
0, ,-20, ,
-1, ,-20, ,
0, ,-20, ,
0, ,-20, ,
0, ,-20, ,
-1, ,-20, ,
-1, ,-20, ,
-1, ,-20, ,
-1, ,-20, ,
-1, ,-20, ,
0, ,-20, ,
0, ,-20, ,
0, ,-20, ,
0, ,-20, ,
-1, ,-20, ,
-1, ,-19, ,
0, ,-20, ,
-1, ,-20, ,
-1, ,-20, ,
-1, ,-20, ,
-1, ,-20, ,
-1, ,-20, ,
-1, ,-20, ,
-1, ,-19, ,
0, ,-20, ,
-1, ,-20, ,
-1, ,-20, ,
0, ,-20, ,
0, ,-20, ,
0, ,-20, ,
0, ,-20, ,
-1, ,-20, ,
-1, ,-20, ,
-1, ,-19, ,
0, ,-20, ,
0, ,-20, ,
0, ,-20, ,
0, ,-20, ,
-1, ,-20, ,
0, ,-20, ,
0, ,-20, ,
-1, ,-20, ,
-1, ,-20, ,
-1, ,-20, ,
0, ,-20, ,
0, ,-20, ,
0, ,-20, ,
-1, ,-20, ,
-1, ,-20, ,
-1, ,-19, ,
-1, ,-20, ,
-1, ,-20, ,
-1, ,-20, ,
-1, ,-20, ,
0, ,-20, ,
0, ,-20, ,
0, ,-20, ,
0, ,-20, ,
0, ,-20, ,
0, ,-20, ,
0, ,-20, ,
0, ,-20, ,
-1, ,-20, ,
-1, ,-20, ,
-1, ,-20, ,
-1, ,-20, ,
-1, ,-20, ,
-1, ,-20, ,
0, ,-19, ,
0, ,-20, ,
0, ,-20, ,
0, ,-20, ,
-1, ,-20, ,
0, ,-20, ,
0, ,-20, ,
-1, ,-20, ,
-1, ,-20, ,
-1, ,-20, ,
-1, ,-20, ,
-1, ,-20, ,
0, ,-20, ,
0, ,-20, ,
0, ,-20, ,
-1, ,-19, ,
-1, ,-20, ,
-1, ,-20, ,
-1, ,-20, ,
-1, ,-20, ,
0, ,-20, ,
0, ,-20, ,
-1, ,-20, ,
-1, ,-20, ,
0, ,-20, ,
0, ,-20, ,
0, ,-20, ,
0, ,-20, ,
0, ,-20, ,
-1, ,-20, ,
-1, ,-20, ,
-1, ,-20, ,
0, ,-20, ,
-1, ,-20, ,
-1, ,-20, ,
-1, ,-20, ,
-1, ,-20, ,
-1, ,-20, ,
-1, ,-20, ,
0, ,-20, ,
0, ,-20, ,
0, ,-20, ,
0, ,-20, ,
-1, ,-20, ,
-1, ,-20, ,
0, ,-20, ,
0, ,-20, ,
-1, ,-20, ,
-1, ,-20, ,
-1, ,-20, ,
-1, ,-20, ,
-1, ,-19, ,
-1, ,-20, ,
-1, ,-20, ,
0, ,-20, ,
0, ,-20, ,
0, ,-20, ,
0, ,-20, ,
0, ,-20, ,
-1, ,-20, ,
-1, ,-19, ,
-1, ,-20, ,
-1, ,-19, ,
0, ,-20, ,
0, ,-20, ,
0, ,-20, ,
0, ,-20, ,
0, ,-20, ,
-1, ,-20, ,
0, ,-20, ,
0, ,-20, ,
-1, ,-20, ,
-1, ,-20, ,
-1, ,-20, ,
-1, ,-20, ,
0, ,-20, ,
0, ,-20, ,
0, ,-20, ,
0, ,-20, ,
0, ,-20, ,
0, ,-20, ,
-1, ,-20, ,
-1, ,-20, ,
-1, ,-19, ,
0, ,-20, ,
-1, ,-20, ,
-1, ,-20, ,
0, ,-20, ,
0, ,-20, ,
0, ,-20, ,
0, ,-20, ,
0, ,-20, ,
0, ,-20, ,
0, ,-20, ,
-1, ,-20, ,
-1, ,-20, ,
-1, ,-20, ,
0, ,-20, ,
0, ,-20, ,
-1, ,-20, ,
0, ,-20, ,
-1, ,-19, ,
-1, ,-20, ,
-1, ,-20, ,
-1, ,-20, ,
0, ,-20, ,
-1, ,-20, ,
-1, ,-20, ,
-1, ,-20, ,
-1, ,-20, ,
-1, ,-20, ,
0, ,-20, ,
0, ,-20, ,
0, ,-20, ,
0, ,-20, ,
-1, ,-20, ,
-1, ,-20, ,
-1, ,-20, ,
-1, ,-20, ,
0, ,-20, ,
0, ,-20, ,
0, ,-20, ,
0, ,-20, ,
0, ,-20, ,
0, ,-20, ,
-1, ,-20, ,
0, ,-20, ,
-1, ,-19, ,
0, ,-20, ,
0, ,-20, ,
-1, ,-20, ,
-1, ,-19, ,
0, ,-20, ,
0, ,-20, ,
0, ,-20, ,
0, ,-20, ,
-1, ,-20, ,
-1, ,-20, ,
-1, ,-20, ,
-1, ,-20, ,
0, ,-20, ,
-1, ,-20, ,
-1, ,-20, ,
0, ,-20, ,
0, ,-20, ,
-1, ,-20, ,
-1, ,-20, ,
-1, ,-20, ,
0, ,-19, ,
0, ,-20, ,
0, ,-20, ,
0, ,-20, ,
0, ,-20, ,
0, ,-20, ,
-1, ,-20, ,
0, ,-20, ,
0, ,-19, ,
0, ,-20, ,
0, ,-20, ,
-1, ,-20, ,
-1, ,-20, ,
0, ,-20, ,
0, ,-20, ,
-1, ,-20, ,
-1, ,-20, ,
-1, ,-20, ,
-1, ,-20, ,
-1, ,-20, ,
0, ,-20, ,
-1, ,-20, ,
-1, ,-20, ,
0, ,-19, ,
0, ,-20, ,
-1, ,-20, ,
-1, ,-20, ,
-1, ,-20, ,
-1, ,-20, ,
0, ,-20, ,
0, ,-20, ,
-1, ,-20, ,
-1, ,-20, ,
-1, ,-20, ,
-1, ,-20, ,
0, ,-20, ,
0, ,-20, ,
0, ,-20, ,
-1, ,-20, ,
-1, ,-20, ,
-1, ,-20, ,
-1, ,-20, ,
0, ,-20, ,
-1, ,-20, ,
0, ,-20, ,
-1, ,-20, ,
-1, ,-20, ,
-1, ,-20, ,
0, ,-19, ,
-1, ,-20, ,
0, ,-20, ,
0, ,-20, ,
0, ,-20, ,
-1, ,-20, ,
-1, ,-20, ,
-1, ,-20, ,
0, ,-20, ,
-1, ,-19, ,
0, ,-20, ,
-1, ,-20, ,
-1, ,-20, ,
-1, ,-20, ,
-1, ,-20, ,
-1, ,-19, ,
-1, ,-20, ,
0, ,-20, ,
-1, ,-20, ,
-1, ,-20, ,
0, ,-20, ,
0, ,-19, ,
-1, ,-20, ,
-1, ,-19, ,
-1, ,-20, ,
0, ,-20, ,
0, ,-20, ,
0, ,-20, ,
0, ,-20, ,
0, ,-20, ,
-1, ,-20, ,
0, ,-20, ,
-1, ,-20, ,
0, ,-20, ,
-1, ,-20, ,
0, ,-20, ,
0, ,-19, ,
0, ,-20, ,
0, ,-20, ,
0, ,-20, ,
0, ,-20, ,
-1, ,-20, ,
-1, ,-20, ,
-1, ,-20, ,
-1, ,-20, ,
0, ,-20, ,
0, ,-20, ,
-1, ,-20, ,
0, ,-19, ,
0, ,-20, ,
-1, ,-19, ,
-1, ,-20, ,
-1, ,-20, ,
0, ,-19, ,
-1, ,-19, ,
-1, ,-20, ,
-1, ,-20, ,
-1, ,-20, ,
-1, ,-20, ,
0, ,-20, ,
0, ,-20, ,
-1, ,-20, ,
-1, ,-20, ,
0, ,-19, ,
0, ,-20, ,
-1, ,-20, ,
-1, ,-20, ,
-1, ,-20, ,
-1, ,-20, ,
-1, ,-20, ,
0, ,-19, ,
0, ,-20, ,
0, ,-20, ,
0, ,-20, ,
0, ,-20, ,
-1, ,-19, ,
-1, ,-20, ,
-1, ,-20, ,
-1, ,-19, ,
0, ,-19, ,
0, ,-19, ,
0, ,-20, ,
-1, ,-20, ,
0, ,-19, ,
0, ,-20, ,
-1, ,-20, ,
-1, ,-20, ,
-1, ,-20, ,
-1, ,-20, ,
0, ,-20, ,
0, ,-20, ,
0, ,-20, ,
-1, ,-20, ,
0, ,-20, ,
0, ,-20, ,
0, ,-20, ,
0, ,-20, ,
-1, ,-20, ,
-1, ,-20, ,
-1, ,-20, ,
0, ,-20, ,
-1, ,-20, ,
0, ,-20, ,
-1, ,-20, ,
0, ,-20, ,
0, ,-20, ,
-1, ,-19, ,
-1, ,-20, ,
-1, ,-20, ,
-1, ,-20, ,
0, ,-20, ,
-1, ,-20, ,
-1, ,-20, ,
0, ,-20, ,
0, ,-20, ,
-1, ,-20, ,
-1, ,-20, ,
-1, ,-20, ,
-1, ,-20, ,
0, ,-20, ,
0, ,-19, ,
-1, ,-20, ,
-1, ,-20, ,
-1, ,-20, ,
-1, ,-20, ,
0, ,-20, ,
0, ,-20, ,
-1, ,-20, ,
0, ,-20, ,
0, ,-19, ,
0, ,-20, ,
0, ,-20, ,
0, ,-20, ,
-1, ,-20, ,
-1, ,-20, ,
-1, ,-19, ,
-1, ,-20, ,
-1, ,-20, ,
0, ,-20, ,
0, ,-20, ,
0, ,-19, ,
-1, ,-20, ,
-1, ,-20, ,
-1, ,-19, ,
0, ,-20, ,
0, ,-20, ,
-1, ,-20, ,
0, ,-20, ,
0, ,-20, ,
0, ,-20, ,
0, ,-20, ,
0, ,-19, ,
