Format,1.0B,
Memory Length,10000,Memory Length,10000,
IntpDistance,0,IntpDistance,0,
Trigger Address,2799,Trigger Address,2799,
Trigger Level,2.720E-01,Trigger Level,2.720E-01,
Source,CH1,Source,CH2,
Vertical Units,V,Vertical Units,V,
Vertical Units Div,0,Vertical Units Div,0,
Vertical Units Extend Div,16,Vertical Units Extend Div,16,
Label,,Label,,
Probe Type,0,Probe Type,0,
Probe Ratio,1.000e+00,Probe Ratio,1.000e+00,
Vertical Scale,1.000e-01,Vertical Scale,2.000e+00,
Vertical Position,0.000e+00,Vertical Position,0.000e+00,
Horizontal Units,S,Horizontal Units,S,
Horizontal Scale,5.000E-05,Horizontal Scale,5.000E-05,
Horizontal Position,1.100E-04,Horizontal Position,1.100E-04,
Horizontal Mode,Main,Horizontal Mode,Main,
SincET Mode,Real Time,SincET Mode,Real Time,
Sampling Period,5.000e-08,Sampling Period,5.000e-08,
Horizontal Old Scale,5.000E-05,Horizontal Old Scale,5.000E-05,
Horizontal Old Position,1.100E-04,Horizontal Old Position,1.100E-04,
Firmware,V1.32,Firmware,V1.32,
Mode,Fast,Mode,Fast,
Waveform Data,,Waveform Data,,
0, ,-3, ,
0, ,-3, ,
0, ,-3, ,
0, ,-3, ,
0, ,-3, ,
0, ,-3, ,
0, ,-3, ,
0, ,-3, ,
0, ,-3, ,
0, ,-3, ,
0, ,-3, ,
0, ,-3, ,
0, ,-3, ,
0, ,-3, ,
0, ,-3, ,
0, ,-3, ,
0, ,-3, ,
0, ,-3, ,
-1, ,-3, ,
0, ,-3, ,
0, ,-3, ,
0, ,-3, ,
0, ,-3, ,
0, ,-3, ,
0, ,-3, ,
0, ,-3, ,
0, ,-3, ,
0, ,-3, ,
0, ,-3, ,
0, ,-3, ,
0, ,-3, ,
0, ,-3, ,
0, ,-3, ,
0, ,-3, ,
0, ,-3, ,
0, ,-3, ,
0, ,-3, ,
0, ,-3, ,
0, ,-3, ,
0, ,-3, ,
0, ,-3, ,
0, ,-3, ,
0, ,-3, ,
-1, ,-3, ,
0, ,-3, ,
0, ,-3, ,
0, ,-3, ,
0, ,-3, ,
0, ,-3, ,
0, ,-3, ,
0, ,-3, ,
0, ,-3, ,
0, ,-3, ,
0, ,-3, ,
0, ,-3, ,
0, ,-3, ,
0, ,-3, ,
0, ,-3, ,
0, ,-3, ,
-1, ,-3, ,
0, ,-3, ,
0, ,-3, ,
0, ,-3, ,
0, ,-3, ,
-1, ,-3, ,
0, ,-3, ,
-1, ,-3, ,
0, ,-3, ,
0, ,-3, ,
0, ,-3, ,
-1, ,-3, ,
0, ,-3, ,
0, ,-3, ,
0, ,-3, ,
0, ,-3, ,
0, ,-3, ,
0, ,-3, ,
0, ,-3, ,
0, ,-3, ,
0, ,-3, ,
0, ,-3, ,
0, ,-3, ,
0, ,-3, ,
0, ,-3, ,
0, ,-3, ,
0, ,-3, ,
0, ,-3, ,
0, ,-3, ,
0, ,-3, ,
0, ,-3, ,
0, ,-3, ,
0, ,-3, ,
0, ,-3, ,
0, ,-3, ,
0, ,-3, ,
0, ,-3, ,
0, ,-3, ,
0, ,-3, ,
0, ,-3, ,
0, ,-3, ,
0, ,-3, ,
0, ,-3, ,
0, ,-3, ,
0, ,-3, ,
0, ,-3, ,
0, ,-3, ,
0, ,-3, ,
0, ,-3, ,
0, ,-3, ,
0, ,-3, ,
0, ,-3, ,
0, ,-3, ,
0, ,-3, ,
0, ,-3, ,
0, ,-3, ,
0, ,-3, ,
0, ,-3, ,
0, ,-3, ,
0, ,-3, ,
0, ,-3, ,
0, ,-3, ,
0, ,-3, ,
0, ,-3, ,
0, ,-3, ,
0, ,-3, ,
0, ,-3, ,
0, ,-3, ,
0, ,-3, ,
0, ,-3, ,
0, ,-3, ,
0, ,-3, ,
-1, ,-3, ,
0, ,-3, ,
0, ,-3, ,
0, ,-3, ,
-1, ,-3, ,
-1, ,-3, ,
0, ,-3, ,
0, ,-3, ,
0, ,-3, ,
0, ,-3, ,
0, ,-3, ,
0, ,-3, ,
0, ,-3, ,
0, ,-3, ,
0, ,-3, ,
0, ,-3, ,
0, ,-3, ,
0, ,-3, ,
0, ,-3, ,
0, ,-3, ,
0, ,-3, ,
0, ,-3, ,
0, ,-3, ,
0, ,-3, ,
0, ,-3, ,
0, ,-3, ,
0, ,-3, ,
-1, ,-3, ,
0, ,-3, ,
0, ,-3, ,
0, ,-3, ,
0, ,-3, ,
0, ,-3, ,
0, ,-3, ,
0, ,-3, ,
0, ,-3, ,
0, ,-3, ,
0, ,-3, ,
0, ,-3, ,
0, ,-3, ,
0, ,-3, ,
0, ,-3, ,
0, ,-3, ,
0, ,-3, ,
0, ,-3, ,
0, ,-3, ,
0, ,-3, ,
0, ,-3, ,
0, ,-3, ,
0, ,-3, ,
0, ,-3, ,
0, ,-3, ,
0, ,-3, ,
0, ,-3, ,
0, ,-3, ,
0, ,-3, ,
0, ,-3, ,
0, ,-3, ,
0, ,-3, ,
0, ,-3, ,
0, ,-3, ,
0, ,-3, ,
0, ,-3, ,
-1, ,-3, ,
0, ,-3, ,
0, ,-3, ,
0, ,-3, ,
0, ,-3, ,
0, ,-3, ,
0, ,-3, ,
0, ,-3, ,
0, ,-3, ,
0, ,-3, ,
0, ,-3, ,
0, ,-3, ,
0, ,-3, ,
0, ,-3, ,
0, ,-3, ,
0, ,-3, ,
0, ,-3, ,
0, ,-3, ,
0, ,-3, ,
0, ,-3, ,
0, ,-3, ,
0, ,-3, ,
-1, ,-3, ,
-1, ,-3, ,
0, ,-3, ,
0, ,-3, ,
0, ,-3, ,
0, ,-3, ,
0, ,-3, ,
0, ,-3, ,
0, ,-3, ,
0, ,-3, ,
0, ,-3, ,
-1, ,-3, ,
0, ,-3, ,
0, ,-3, ,
0, ,-3, ,
0, ,-3, ,
0, ,-3, ,
0, ,-3, ,
0, ,-3, ,
0, ,-3, ,
0, ,-3, ,
0, ,-3, ,
0, ,-3, ,
0, ,-3, ,
0, ,-3, ,
0, ,-3, ,
0, ,-3, ,
0, ,-3, ,
0, ,-3, ,
0, ,-3, ,
0, ,-3, ,
0, ,-3, ,
0, ,-3, ,
0, ,-3, ,
0, ,-3, ,
0, ,-3, ,
0, ,-3, ,
0, ,-3, ,
0, ,-3, ,
0, ,-3, ,
0, ,-3, ,
-1, ,-3, ,
0, ,-3, ,
0, ,-3, ,
0, ,-3, ,
0, ,-3, ,
0, ,-3, ,
0, ,-3, ,
0, ,-3, ,
0, ,-3, ,
0, ,-3, ,
0, ,-3, ,
0, ,-3, ,
0, ,-3, ,
0, ,-3, ,
0, ,-3, ,
0, ,-3, ,
0, ,-3, ,
0, ,-3, ,
0, ,-3, ,
0, ,-3, ,
0, ,-3, ,
0, ,-3, ,
0, ,-3, ,
0, ,-3, ,
0, ,-3, ,
0, ,-3, ,
0, ,-3, ,
0, ,-3, ,
0, ,-3, ,
0, ,-3, ,
0, ,-3, ,
0, ,-3, ,
0, ,-3, ,
0, ,-3, ,
0, ,-3, ,
0, ,-3, ,
0, ,-3, ,
0, ,-3, ,
0, ,-3, ,
0, ,-3, ,
0, ,-3, ,
0, ,-3, ,
0, ,-3, ,
0, ,-3, ,
0, ,-3, ,
-1, ,-3, ,
0, ,-3, ,
0, ,-3, ,
0, ,-3, ,
0, ,-3, ,
0, ,-3, ,
0, ,-3, ,
0, ,-3, ,
0, ,-3, ,
0, ,-3, ,
0, ,-3, ,
0, ,-3, ,
0, ,-3, ,
0, ,-3, ,
0, ,-3, ,
0, ,-3, ,
0, ,-3, ,
0, ,-3, ,
0, ,-3, ,
0, ,-3, ,
0, ,-3, ,
0, ,-3, ,
0, ,-3, ,
0, ,-3, ,
0, ,-3, ,
-1, ,-3, ,
0, ,-3, ,
0, ,-3, ,
-1, ,-3, ,
0, ,-3, ,
0, ,-3, ,
0, ,-3, ,
0, ,-3, ,
0, ,-3, ,
0, ,-3, ,
0, ,-3, ,
0, ,-3, ,
0, ,-3, ,
0, ,-3, ,
0, ,-3, ,
0, ,-3, ,
0, ,-3, ,
0, ,-3, ,
0, ,-3, ,
0, ,-3, ,
0, ,-3, ,
0, ,-3, ,
0, ,-3, ,
0, ,-3, ,
0, ,-3, ,
0, ,-3, ,
0, ,-3, ,
0, ,-3, ,
0, ,-3, ,
0, ,-3, ,
0, ,-3, ,
0, ,-3, ,
0, ,-3, ,
0, ,-3, ,
0, ,-3, ,
0, ,-3, ,
0, ,-3, ,
0, ,-3, ,
0, ,-3, ,
0, ,-3, ,
0, ,-3, ,
0, ,-3, ,
0, ,-3, ,
0, ,-3, ,
0, ,-3, ,
0, ,-3, ,
0, ,-3, ,
0, ,-3, ,
0, ,-3, ,
0, ,-3, ,
0, ,-3, ,
0, ,-3, ,
0, ,-3, ,
0, ,-3, ,
0, ,-3, ,
0, ,-3, ,
0, ,-3, ,
0, ,-3, ,
0, ,-3, ,
0, ,-3, ,
0, ,-3, ,
0, ,-3, ,
0, ,-3, ,
0, ,-3, ,
0, ,-3, ,
0, ,-3, ,
0, ,-3, ,
0, ,-3, ,
0, ,-3, ,
0, ,-3, ,
0, ,-3, ,
0, ,-3, ,
0, ,-3, ,
0, ,-3, ,
0, ,-3, ,
0, ,-3, ,
0, ,-3, ,
0, ,-3, ,
0, ,-3, ,
0, ,-3, ,
0, ,-3, ,
0, ,-3, ,
0, ,-3, ,
0, ,-3, ,
0, ,-3, ,
0, ,-3, ,
0, ,-3, ,
0, ,-3, ,
0, ,-3, ,
0, ,-3, ,
0, ,-3, ,
0, ,-3, ,
0, ,-3, ,
0, ,-3, ,
0, ,-3, ,
-1, ,-3, ,
-1, ,-3, ,
-1, ,-3, ,
0, ,-3, ,
0, ,-3, ,
0, ,-3, ,
0, ,-3, ,
0, ,-3, ,
0, ,-3, ,
0, ,-3, ,
0, ,-3, ,
0, ,-3, ,
0, ,-3, ,
-1, ,-3, ,
0, ,-3, ,
0, ,-3, ,
0, ,-3, ,
-1, ,-3, ,
0, ,-3, ,
0, ,-3, ,
0, ,-3, ,
0, ,-3, ,
0, ,-3, ,
0, ,-3, ,
0, ,-3, ,
0, ,-3, ,
-1, ,-3, ,
0, ,-3, ,
0, ,-3, ,
0, ,-3, ,
0, ,-3, ,
0, ,-3, ,
0, ,-3, ,
0, ,-3, ,
0, ,-3, ,
0, ,-3, ,
0, ,-3, ,
0, ,-3, ,
0, ,-3, ,
0, ,-3, ,
0, ,-3, ,
0, ,-3, ,
0, ,-3, ,
0, ,-3, ,
0, ,-3, ,
0, ,-3, ,
0, ,-3, ,
0, ,-3, ,
0, ,-3, ,
0, ,-3, ,
0, ,-3, ,
0, ,-3, ,
0, ,-3, ,
0, ,-3, ,
0, ,-3, ,
0, ,-3, ,
-1, ,-3, ,
-1, ,-3, ,
0, ,-3, ,
0, ,-3, ,
0, ,-3, ,
0, ,-3, ,
-1, ,-3, ,
0, ,-3, ,
0, ,-3, ,
0, ,-3, ,
0, ,-3, ,
0, ,-3, ,
0, ,-3, ,
0, ,-3, ,
0, ,-3, ,
0, ,-3, ,
0, ,-3, ,
0, ,-3, ,
0, ,-3, ,
0, ,-3, ,
-1, ,-3, ,
0, ,-3, ,
0, ,-3, ,
0, ,-3, ,
0, ,-3, ,
0, ,-3, ,
0, ,-3, ,
0, ,-3, ,
0, ,-3, ,
0, ,-3, ,
0, ,-3, ,
0, ,-3, ,
0, ,-3, ,
0, ,-3, ,
0, ,-3, ,
0, ,-3, ,
0, ,-3, ,
0, ,-3, ,
0, ,-3, ,
0, ,-3, ,
0, ,-3, ,
0, ,-3, ,
0, ,-3, ,
0, ,-3, ,
0, ,-3, ,
-1, ,-3, ,
0, ,-3, ,
0, ,-3, ,
0, ,-3, ,
0, ,-3, ,
0, ,-3, ,
0, ,-3, ,
0, ,-3, ,
0, ,-3, ,
0, ,-3, ,
0, ,-3, ,
0, ,-3, ,
0, ,-3, ,
0, ,-3, ,
0, ,-3, ,
0, ,-3, ,
0, ,-3, ,
0, ,-3, ,
0, ,-3, ,
0, ,-3, ,
0, ,-3, ,
-1, ,-3, ,
0, ,-3, ,
-1, ,-3, ,
0, ,-3, ,
0, ,-3, ,
0, ,-3, ,
0, ,-3, ,
0, ,-3, ,
0, ,-3, ,
0, ,-3, ,
-1, ,-3, ,
0, ,-3, ,
0, ,-3, ,
0, ,-3, ,
0, ,-3, ,
0, ,-3, ,
0, ,-3, ,
0, ,-3, ,
0, ,-3, ,
0, ,-3, ,
0, ,-3, ,
0, ,-3, ,
0, ,-3, ,
0, ,-3, ,
0, ,-3, ,
0, ,-3, ,
0, ,-3, ,
0, ,-3, ,
-1, ,-3, ,
0, ,-3, ,
0, ,-3, ,
0, ,-3, ,
0, ,-3, ,
0, ,-3, ,
0, ,-3, ,
0, ,-3, ,
0, ,-3, ,
0, ,-3, ,
0, ,-3, ,
0, ,-3, ,
0, ,-3, ,
0, ,-3, ,
0, ,-3, ,
0, ,-3, ,
0, ,-3, ,
0, ,-3, ,
0, ,-3, ,
0, ,-3, ,
0, ,-3, ,
0, ,-3, ,
0, ,-3, ,
0, ,-3, ,
0, ,-3, ,
0, ,-3, ,
0, ,-3, ,
0, ,-3, ,
0, ,-3, ,
0, ,-3, ,
0, ,-3, ,
0, ,-3, ,
0, ,-3, ,
0, ,-3, ,
0, ,-3, ,
0, ,-3, ,
0, ,-3, ,
0, ,-3, ,
0, ,-3, ,
0, ,-3, ,
0, ,-3, ,
0, ,-3, ,
0, ,-3, ,
0, ,-3, ,
0, ,-3, ,
0, ,-3, ,
0, ,-3, ,
0, ,-3, ,
-1, ,-3, ,
0, ,-3, ,
0, ,-3, ,
0, ,-3, ,
0, ,-3, ,
0, ,-3, ,
0, ,-3, ,
0, ,-3, ,
0, ,-3, ,
0, ,-3, ,
-1, ,-3, ,
0, ,-3, ,
0, ,-3, ,
0, ,-3, ,
0, ,-3, ,
0, ,-3, ,
0, ,-3, ,
0, ,-3, ,
0, ,-3, ,
0, ,-3, ,
0, ,-3, ,
0, ,-3, ,
0, ,-3, ,
0, ,-3, ,
0, ,-3, ,
0, ,-3, ,
0, ,-3, ,
0, ,-3, ,
0, ,-3, ,
0, ,-3, ,
0, ,-3, ,
0, ,-3, ,
0, ,-3, ,
0, ,-3, ,
0, ,-3, ,
0, ,-3, ,
0, ,-3, ,
0, ,-3, ,
0, ,-3, ,
0, ,-3, ,
0, ,-3, ,
0, ,-3, ,
0, ,-3, ,
0, ,-3, ,
0, ,-3, ,
0, ,-3, ,
0, ,-3, ,
0, ,-3, ,
0, ,-3, ,
0, ,-3, ,
0, ,-3, ,
-1, ,-3, ,
0, ,-3, ,
0, ,-3, ,
0, ,-3, ,
0, ,-3, ,
0, ,-3, ,
0, ,-3, ,
0, ,-3, ,
0, ,-3, ,
0, ,-3, ,
0, ,-3, ,
0, ,-3, ,
0, ,-3, ,
0, ,-3, ,
0, ,-3, ,
0, ,-3, ,
0, ,-3, ,
0, ,-3, ,
0, ,-3, ,
0, ,-3, ,
-1, ,-3, ,
0, ,-3, ,
0, ,-3, ,
0, ,-3, ,
0, ,-3, ,
-1, ,-3, ,
0, ,-3, ,
0, ,-3, ,
0, ,-3, ,
0, ,-3, ,
0, ,-3, ,
-1, ,-3, ,
-1, ,-3, ,
0, ,-3, ,
0, ,-3, ,
0, ,-3, ,
0, ,-3, ,
0, ,-3, ,
0, ,-3, ,
0, ,-3, ,
0, ,-3, ,
0, ,-3, ,
0, ,-3, ,
0, ,-3, ,
0, ,-3, ,
0, ,-3, ,
0, ,-3, ,
0, ,-3, ,
0, ,-3, ,
-1, ,-3, ,
-1, ,-3, ,
-1, ,-3, ,
-1, ,-3, ,
0, ,-3, ,
0, ,-3, ,
0, ,-3, ,
0, ,-3, ,
0, ,-3, ,
0, ,-3, ,
0, ,-3, ,
0, ,-3, ,
0, ,-3, ,
0, ,-3, ,
-1, ,-3, ,
-1, ,-3, ,
0, ,-3, ,
0, ,-3, ,
0, ,-3, ,
0, ,-3, ,
0, ,-3, ,
0, ,-3, ,
0, ,-3, ,
-1, ,-3, ,
0, ,-3, ,
0, ,-3, ,
0, ,-3, ,
0, ,-3, ,
0, ,-3, ,
0, ,-3, ,
0, ,-3, ,
0, ,-3, ,
0, ,-3, ,
0, ,-3, ,
0, ,-3, ,
0, ,-3, ,
0, ,-3, ,
0, ,-3, ,
0, ,-3, ,
0, ,-3, ,
-1, ,-3, ,
0, ,-3, ,
0, ,-3, ,
0, ,-3, ,
0, ,-3, ,
0, ,-3, ,
0, ,-3, ,
0, ,-3, ,
0, ,-3, ,
-1, ,-3, ,
-1, ,-3, ,
0, ,-3, ,
0, ,-3, ,
0, ,-3, ,
0, ,-3, ,
0, ,-3, ,
0, ,-3, ,
0, ,-3, ,
0, ,-3, ,
0, ,-3, ,
0, ,-3, ,
-1, ,-3, ,
0, ,-3, ,
0, ,-3, ,
0, ,-3, ,
0, ,-3, ,
-1, ,-3, ,
-1, ,-3, ,
0, ,-3, ,
0, ,-3, ,
0, ,-3, ,
0, ,-3, ,
0, ,-3, ,
0, ,-3, ,
0, ,-3, ,
0, ,-3, ,
0, ,-3, ,
0, ,-3, ,
0, ,-3, ,
0, ,-3, ,
0, ,-3, ,
0, ,-3, ,
0, ,-3, ,
0, ,-3, ,
0, ,-3, ,
0, ,-3, ,
0, ,-3, ,
-1, ,-3, ,
0, ,-3, ,
0, ,-3, ,
0, ,-3, ,
0, ,-3, ,
0, ,-3, ,
0, ,-3, ,
-1, ,-3, ,
-1, ,-3, ,
0, ,-3, ,
0, ,-3, ,
0, ,-3, ,
0, ,-3, ,
0, ,-3, ,
0, ,-3, ,
0, ,-3, ,
0, ,-3, ,
0, ,-3, ,
0, ,-3, ,
0, ,-3, ,
0, ,-3, ,
0, ,-3, ,
0, ,-3, ,
0, ,-3, ,
-1, ,-3, ,
0, ,-3, ,
0, ,-3, ,
0, ,-3, ,
0, ,-3, ,
0, ,-3, ,
0, ,-3, ,
0, ,-3, ,
0, ,-3, ,
0, ,-3, ,
0, ,-3, ,
0, ,-3, ,
0, ,-3, ,
0, ,-3, ,
0, ,-3, ,
0, ,-3, ,
0, ,-3, ,
-1, ,-3, ,
-1, ,-3, ,
0, ,-3, ,
0, ,-3, ,
0, ,-3, ,
0, ,-3, ,
0, ,-3, ,
0, ,-3, ,
0, ,-3, ,
0, ,-3, ,
0, ,-3, ,
0, ,-3, ,
0, ,-3, ,
0, ,-3, ,
0, ,-3, ,
0, ,-3, ,
0, ,-3, ,
0, ,-3, ,
0, ,-3, ,
0, ,-3, ,
0, ,-3, ,
0, ,-3, ,
-1, ,-3, ,
0, ,-3, ,
0, ,-3, ,
0, ,-3, ,
0, ,-3, ,
0, ,-3, ,
0, ,-3, ,
0, ,-3, ,
0, ,-3, ,
0, ,-3, ,
0, ,-3, ,
0, ,-3, ,
0, ,-3, ,
0, ,-3, ,
-1, ,-3, ,
0, ,-3, ,
0, ,-3, ,
0, ,-3, ,
0, ,-3, ,
0, ,-3, ,
0, ,-3, ,
0, ,-3, ,
0, ,-3, ,
0, ,-3, ,
0, ,-3, ,
0, ,-3, ,
0, ,-3, ,
0, ,-3, ,
0, ,-3, ,
0, ,-3, ,
0, ,-3, ,
0, ,-3, ,
0, ,-3, ,
0, ,-3, ,
0, ,-3, ,
0, ,-3, ,
0, ,-3, ,
0, ,-3, ,
0, ,-3, ,
0, ,-3, ,
0, ,-3, ,
0, ,-3, ,
0, ,-3, ,
0, ,-3, ,
0, ,-3, ,
0, ,-3, ,
0, ,-3, ,
0, ,-3, ,
0, ,-3, ,
0, ,-3, ,
0, ,-3, ,
-1, ,-3, ,
0, ,-3, ,
0, ,-3, ,
0, ,-3, ,
0, ,-3, ,
0, ,-3, ,
0, ,-3, ,
0, ,-3, ,
0, ,-3, ,
-1, ,-3, ,
0, ,-3, ,
-1, ,-3, ,
0, ,-3, ,
0, ,-3, ,
0, ,-3, ,
0, ,-3, ,
0, ,-3, ,
0, ,-3, ,
0, ,-3, ,
0, ,-3, ,
0, ,-3, ,
0, ,-3, ,
0, ,-3, ,
0, ,-3, ,
0, ,-3, ,
0, ,-3, ,
0, ,-3, ,
0, ,-3, ,
0, ,-3, ,
0, ,-3, ,
0, ,-3, ,
0, ,-3, ,
0, ,-3, ,
0, ,-3, ,
0, ,-3, ,
0, ,-3, ,
0, ,-3, ,
0, ,-3, ,
0, ,-3, ,
0, ,-3, ,
0, ,-3, ,
0, ,-3, ,
0, ,-3, ,
0, ,-3, ,
0, ,-3, ,
0, ,-3, ,
0, ,-3, ,
0, ,-3, ,
0, ,-3, ,
0, ,-3, ,
0, ,-3, ,
0, ,-3, ,
0, ,-3, ,
0, ,-3, ,
0, ,-3, ,
0, ,-3, ,
0, ,-3, ,
0, ,-3, ,
0, ,-3, ,
0, ,-3, ,
0, ,-3, ,
0, ,-3, ,
0, ,-3, ,
0, ,-3, ,
0, ,-3, ,
-1, ,-3, ,
0, ,-3, ,
0, ,-3, ,
0, ,-3, ,
0, ,-3, ,
0, ,-3, ,
0, ,-3, ,
0, ,-3, ,
0, ,-3, ,
-1, ,-3, ,
0, ,-3, ,
0, ,-3, ,
0, ,-3, ,
0, ,-3, ,
0, ,-3, ,
0, ,-3, ,
0, ,-3, ,
0, ,-3, ,
0, ,-3, ,
0, ,-3, ,
0, ,-3, ,
0, ,-3, ,
0, ,-3, ,
0, ,-3, ,
0, ,-3, ,
0, ,-3, ,
0, ,-3, ,
0, ,-3, ,
0, ,-3, ,
0, ,-3, ,
0, ,-3, ,
0, ,-3, ,
-1, ,-3, ,
0, ,-3, ,
0, ,-3, ,
0, ,-3, ,
0, ,-3, ,
0, ,-3, ,
0, ,-3, ,
0, ,-3, ,
-1, ,-3, ,
-1, ,-3, ,
0, ,-3, ,
0, ,-3, ,
0, ,-3, ,
0, ,-3, ,
0, ,-3, ,
0, ,-3, ,
0, ,-3, ,
0, ,-3, ,
0, ,-3, ,
0, ,-3, ,
0, ,-3, ,
0, ,-3, ,
0, ,-3, ,
0, ,-3, ,
0, ,-3, ,
0, ,-3, ,
0, ,-3, ,
0, ,-3, ,
0, ,-3, ,
0, ,-3, ,
0, ,-3, ,
0, ,-3, ,
0, ,-3, ,
0, ,-3, ,
0, ,-3, ,
0, ,-3, ,
0, ,-3, ,
0, ,-3, ,
0, ,-3, ,
0, ,-3, ,
0, ,-3, ,
0, ,-3, ,
0, ,-3, ,
0, ,-3, ,
0, ,-3, ,
0, ,-3, ,
0, ,-3, ,
0, ,-3, ,
0, ,-3, ,
0, ,-3, ,
0, ,-3, ,
0, ,-3, ,
0, ,-3, ,
0, ,-3, ,
0, ,-3, ,
0, ,-3, ,
0, ,-3, ,
0, ,-3, ,
0, ,-3, ,
0, ,-3, ,
0, ,-3, ,
0, ,-3, ,
0, ,-3, ,
0, ,-3, ,
0, ,-3, ,
0, ,-3, ,
0, ,-3, ,
0, ,-3, ,
0, ,-3, ,
0, ,-3, ,
0, ,-3, ,
0, ,-3, ,
0, ,-3, ,
0, ,-3, ,
0, ,-3, ,
0, ,-3, ,
0, ,-3, ,
0, ,-3, ,
0, ,-3, ,
0, ,-3, ,
0, ,-3, ,
0, ,-3, ,
0, ,-3, ,
0, ,-3, ,
0, ,-3, ,
0, ,-3, ,
0, ,-3, ,
0, ,-3, ,
0, ,-3, ,
0, ,-3, ,
0, ,-3, ,
-1, ,-3, ,
0, ,-3, ,
0, ,-3, ,
0, ,-3, ,
0, ,-3, ,
0, ,-3, ,
0, ,-3, ,
0, ,-3, ,
0, ,-3, ,
-1, ,-3, ,
0, ,-3, ,
0, ,-3, ,
0, ,-3, ,
0, ,-3, ,
0, ,-3, ,
0, ,-3, ,
0, ,-3, ,
0, ,-3, ,
0, ,-3, ,
0, ,-3, ,
0, ,-3, ,
0, ,-3, ,
0, ,-3, ,
0, ,-3, ,
0, ,-3, ,
0, ,-3, ,
0, ,-3, ,
0, ,-3, ,
0, ,-3, ,
0, ,-3, ,
0, ,-3, ,
0, ,-3, ,
0, ,-3, ,
0, ,-3, ,
0, ,-3, ,
0, ,-3, ,
0, ,-3, ,
0, ,-3, ,
0, ,-3, ,
0, ,-3, ,
0, ,-3, ,
0, ,-3, ,
0, ,-3, ,
0, ,-3, ,
0, ,-3, ,
0, ,-3, ,
-1, ,-3, ,
0, ,-3, ,
0, ,-3, ,
0, ,-3, ,
0, ,-3, ,
0, ,-3, ,
0, ,-3, ,
-1, ,-3, ,
0, ,-3, ,
0, ,-3, ,
0, ,-3, ,
0, ,-3, ,
0, ,-3, ,
0, ,-3, ,
0, ,-3, ,
0, ,-3, ,
0, ,-3, ,
0, ,-3, ,
0, ,-3, ,
0, ,-3, ,
0, ,-3, ,
0, ,-3, ,
0, ,-3, ,
0, ,-3, ,
0, ,-3, ,
0, ,-3, ,
0, ,-3, ,
0, ,-3, ,
0, ,-3, ,
0, ,-3, ,
-1, ,-3, ,
0, ,-3, ,
0, ,-3, ,
0, ,-3, ,
0, ,-3, ,
0, ,-3, ,
-1, ,-3, ,
0, ,-3, ,
0, ,-3, ,
0, ,-3, ,
0, ,-3, ,
0, ,-3, ,
0, ,-3, ,
0, ,-3, ,
0, ,-3, ,
0, ,-3, ,
0, ,-3, ,
0, ,-3, ,
0, ,-3, ,
0, ,-3, ,
0, ,-3, ,
0, ,-3, ,
0, ,-3, ,
0, ,-3, ,
0, ,-3, ,
0, ,-3, ,
0, ,-3, ,
0, ,-3, ,
0, ,-3, ,
0, ,-3, ,
0, ,-3, ,
0, ,-3, ,
0, ,-3, ,
0, ,-3, ,
0, ,-3, ,
0, ,-3, ,
0, ,-3, ,
0, ,-3, ,
0, ,-3, ,
0, ,-3, ,
0, ,-3, ,
0, ,-3, ,
0, ,-3, ,
0, ,-3, ,
0, ,-3, ,
0, ,-3, ,
-1, ,-3, ,
0, ,-3, ,
0, ,-3, ,
0, ,-3, ,
0, ,-3, ,
0, ,-3, ,
0, ,-3, ,
0, ,-3, ,
0, ,-3, ,
0, ,-3, ,
0, ,-3, ,
0, ,-3, ,
0, ,-3, ,
0, ,-3, ,
0, ,-3, ,
0, ,-3, ,
0, ,-3, ,
0, ,-3, ,
0, ,-3, ,
-1, ,-3, ,
-1, ,-3, ,
0, ,-3, ,
0, ,-3, ,
0, ,-3, ,
0, ,-3, ,
0, ,-3, ,
0, ,-3, ,
0, ,-3, ,
0, ,-3, ,
0, ,-3, ,
0, ,-3, ,
0, ,-3, ,
0, ,-3, ,
0, ,-3, ,
0, ,-3, ,
0, ,-3, ,
0, ,-3, ,
0, ,-3, ,
0, ,-3, ,
0, ,-3, ,
0, ,-3, ,
0, ,-3, ,
0, ,-3, ,
-1, ,-3, ,
0, ,-3, ,
0, ,-3, ,
0, ,-3, ,
0, ,-3, ,
0, ,-3, ,
0, ,-3, ,
0, ,-3, ,
0, ,-3, ,
0, ,-3, ,
0, ,-3, ,
0, ,-3, ,
0, ,-3, ,
0, ,-3, ,
0, ,-3, ,
0, ,-3, ,
0, ,-3, ,
0, ,-3, ,
0, ,-3, ,
0, ,-3, ,
0, ,-3, ,
0, ,-3, ,
0, ,-3, ,
-1, ,-3, ,
-1, ,-3, ,
0, ,-3, ,
0, ,-3, ,
0, ,-3, ,
0, ,-3, ,
0, ,-3, ,
0, ,-3, ,
0, ,-3, ,
0, ,-3, ,
0, ,-3, ,
0, ,-3, ,
0, ,-3, ,
0, ,-3, ,
-1, ,-3, ,
0, ,-3, ,
0, ,-3, ,
0, ,-3, ,
0, ,-3, ,
0, ,-3, ,
0, ,-3, ,
0, ,-3, ,
0, ,-3, ,
0, ,-3, ,
0, ,-3, ,
0, ,-3, ,
0, ,-3, ,
0, ,-3, ,
0, ,-3, ,
0, ,-3, ,
-1, ,-3, ,
-1, ,-3, ,
-1, ,-3, ,
0, ,-3, ,
0, ,-3, ,
0, ,-3, ,
0, ,-3, ,
0, ,-3, ,
0, ,-3, ,
0, ,-3, ,
0, ,-3, ,
0, ,-3, ,
0, ,-3, ,
0, ,-3, ,
0, ,-3, ,
0, ,-3, ,
0, ,-3, ,
0, ,-3, ,
0, ,-3, ,
-1, ,-3, ,
0, ,-3, ,
0, ,-3, ,
0, ,-3, ,
0, ,-3, ,
0, ,-3, ,
0, ,-3, ,
0, ,-3, ,
-1, ,-3, ,
0, ,-3, ,
0, ,-3, ,
-1, ,-3, ,
0, ,-3, ,
0, ,-3, ,
0, ,-3, ,
0, ,-3, ,
0, ,-3, ,
0, ,-3, ,
-1, ,-3, ,
0, ,-3, ,
0, ,-3, ,
-1, ,-3, ,
0, ,-3, ,
0, ,-3, ,
0, ,-3, ,
0, ,-3, ,
0, ,-3, ,
0, ,-3, ,
0, ,-3, ,
0, ,-3, ,
0, ,-3, ,
0, ,-3, ,
0, ,-3, ,
0, ,-3, ,
0, ,-3, ,
0, ,-3, ,
0, ,-3, ,
0, ,-3, ,
0, ,-3, ,
0, ,-3, ,
0, ,-3, ,
0, ,-3, ,
0, ,-3, ,
0, ,-3, ,
0, ,-3, ,
-1, ,-3, ,
0, ,-3, ,
0, ,-3, ,
0, ,-3, ,
0, ,-3, ,
0, ,-3, ,
0, ,-3, ,
0, ,-3, ,
0, ,-3, ,
0, ,-3, ,
-1, ,-3, ,
0, ,-3, ,
0, ,-3, ,
0, ,-3, ,
0, ,-3, ,
0, ,-3, ,
0, ,-3, ,
0, ,-3, ,
0, ,-3, ,
0, ,-3, ,
0, ,-3, ,
0, ,-3, ,
0, ,-3, ,
0, ,-3, ,
0, ,-3, ,
0, ,-3, ,
0, ,-3, ,
0, ,-3, ,
-1, ,-3, ,
0, ,-3, ,
0, ,-3, ,
0, ,-3, ,
0, ,-3, ,
0, ,-3, ,
0, ,-3, ,
0, ,-3, ,
0, ,-3, ,
-1, ,-3, ,
0, ,-3, ,
-1, ,-3, ,
0, ,-3, ,
0, ,-3, ,
0, ,-3, ,
-1, ,-3, ,
0, ,-3, ,
0, ,-3, ,
0, ,-3, ,
0, ,-3, ,
0, ,-3, ,
0, ,-3, ,
0, ,-3, ,
0, ,-3, ,
0, ,-3, ,
0, ,-3, ,
0, ,-3, ,
0, ,-3, ,
0, ,-3, ,
0, ,-3, ,
0, ,-3, ,
0, ,-3, ,
0, ,-3, ,
0, ,-3, ,
0, ,-3, ,
-1, ,-3, ,
0, ,-3, ,
0, ,-3, ,
0, ,-3, ,
0, ,-3, ,
0, ,-3, ,
0, ,-3, ,
0, ,-3, ,
0, ,-3, ,
0, ,-3, ,
0, ,-3, ,
0, ,-3, ,
0, ,-3, ,
0, ,-3, ,
0, ,-3, ,
0, ,-3, ,
0, ,-3, ,
0, ,-3, ,
0, ,-3, ,
0, ,-3, ,
0, ,-3, ,
0, ,-3, ,
0, ,-3, ,
0, ,-3, ,
0, ,-3, ,
0, ,-3, ,
0, ,-3, ,
0, ,-3, ,
0, ,-3, ,
0, ,-3, ,
0, ,-3, ,
0, ,-3, ,
-1, ,-3, ,
0, ,-3, ,
0, ,-3, ,
0, ,-3, ,
0, ,-3, ,
0, ,-3, ,
0, ,-3, ,
0, ,-3, ,
0, ,-3, ,
0, ,-3, ,
0, ,-3, ,
0, ,-3, ,
0, ,-3, ,
0, ,-3, ,
0, ,-3, ,
0, ,-3, ,
0, ,-3, ,
0, ,-3, ,
0, ,-3, ,
0, ,-3, ,
0, ,-3, ,
0, ,-3, ,
0, ,-3, ,
0, ,-3, ,
0, ,-3, ,
0, ,-3, ,
0, ,-3, ,
0, ,-3, ,
0, ,-3, ,
0, ,-3, ,
0, ,-3, ,
0, ,-3, ,
0, ,-3, ,
0, ,-3, ,
0, ,-3, ,
0, ,-3, ,
0, ,-3, ,
0, ,-3, ,
0, ,-3, ,
0, ,-3, ,
-1, ,-3, ,
0, ,-3, ,
-1, ,-3, ,
0, ,-3, ,
0, ,-3, ,
0, ,-3, ,
0, ,-3, ,
0, ,-3, ,
0, ,-3, ,
-1, ,-3, ,
0, ,-3, ,
0, ,-3, ,
0, ,-3, ,
0, ,-3, ,
0, ,-3, ,
0, ,-3, ,
0, ,-3, ,
0, ,-3, ,
0, ,-3, ,
0, ,-3, ,
0, ,-3, ,
0, ,-3, ,
0, ,-3, ,
0, ,-3, ,
-1, ,-3, ,
0, ,-3, ,
0, ,-3, ,
0, ,-3, ,
0, ,-3, ,
0, ,-3, ,
0, ,-3, ,
0, ,-3, ,
0, ,-3, ,
0, ,-3, ,
0, ,-3, ,
0, ,-3, ,
0, ,-3, ,
0, ,-3, ,
0, ,-3, ,
0, ,-3, ,
0, ,-3, ,
0, ,-3, ,
0, ,-3, ,
0, ,-3, ,
0, ,-3, ,
0, ,-3, ,
0, ,-3, ,
0, ,-3, ,
0, ,-3, ,
0, ,-3, ,
0, ,-3, ,
0, ,-3, ,
0, ,-3, ,
0, ,-3, ,
0, ,-3, ,
0, ,-3, ,
0, ,-3, ,
0, ,-3, ,
0, ,-3, ,
0, ,-3, ,
0, ,-3, ,
0, ,-3, ,
0, ,-3, ,
0, ,-3, ,
0, ,-3, ,
0, ,-3, ,
0, ,-3, ,
0, ,-3, ,
0, ,-3, ,
0, ,-3, ,
0, ,-3, ,
0, ,-3, ,
0, ,-3, ,
0, ,-3, ,
0, ,-3, ,
0, ,-3, ,
0, ,-3, ,
0, ,-3, ,
0, ,-3, ,
0, ,-3, ,
0, ,-3, ,
0, ,-3, ,
0, ,-3, ,
0, ,-3, ,
0, ,-3, ,
0, ,-3, ,
0, ,-3, ,
0, ,-3, ,
0, ,-3, ,
0, ,-3, ,
0, ,-3, ,
0, ,-3, ,
0, ,-3, ,
0, ,-3, ,
0, ,-3, ,
0, ,-3, ,
-1, ,-3, ,
0, ,-3, ,
0, ,-3, ,
0, ,-3, ,
0, ,-3, ,
0, ,-3, ,
0, ,-3, ,
0, ,-3, ,
0, ,-3, ,
-1, ,-3, ,
0, ,-3, ,
0, ,-3, ,
0, ,-3, ,
0, ,-3, ,
0, ,-3, ,
0, ,-3, ,
0, ,-3, ,
0, ,-3, ,
0, ,-3, ,
0, ,-3, ,
0, ,-3, ,
0, ,-3, ,
0, ,-3, ,
0, ,-3, ,
-1, ,-3, ,
0, ,-3, ,
0, ,-3, ,
0, ,-3, ,
-1, ,-3, ,
0, ,-3, ,
0, ,-3, ,
0, ,-3, ,
0, ,-3, ,
0, ,-3, ,
0, ,-3, ,
0, ,-3, ,
0, ,-3, ,
0, ,-3, ,
0, ,-3, ,
0, ,-3, ,
0, ,-3, ,
0, ,-3, ,
0, ,-3, ,
0, ,-3, ,
0, ,-3, ,
0, ,-3, ,
0, ,-3, ,
0, ,-3, ,
0, ,-3, ,
0, ,-3, ,
0, ,-3, ,
0, ,-3, ,
0, ,-3, ,
0, ,-3, ,
0, ,-3, ,
0, ,-3, ,
0, ,-3, ,
0, ,-3, ,
0, ,-3, ,
0, ,-3, ,
0, ,-3, ,
0, ,-3, ,
0, ,-3, ,
0, ,-3, ,
0, ,-3, ,
-1, ,-3, ,
-1, ,-3, ,
0, ,-3, ,
0, ,-3, ,
0, ,-3, ,
0, ,-3, ,
0, ,-3, ,
0, ,-3, ,
0, ,-3, ,
0, ,-3, ,
0, ,-3, ,
0, ,-3, ,
0, ,-3, ,
0, ,-3, ,
0, ,-3, ,
0, ,-3, ,
0, ,-3, ,
0, ,-3, ,
0, ,-3, ,
0, ,-3, ,
0, ,-3, ,
0, ,-3, ,
0, ,-3, ,
0, ,-3, ,
0, ,-3, ,
0, ,-3, ,
0, ,-3, ,
0, ,-3, ,
0, ,-3, ,
0, ,-3, ,
0, ,-3, ,
0, ,-3, ,
0, ,-3, ,
0, ,-3, ,
0, ,-3, ,
0, ,-3, ,
0, ,-3, ,
0, ,-3, ,
0, ,-3, ,
0, ,-3, ,
0, ,-3, ,
0, ,-3, ,
0, ,-3, ,
0, ,-3, ,
0, ,-3, ,
0, ,-3, ,
0, ,-3, ,
0, ,-3, ,
0, ,-3, ,
0, ,-3, ,
0, ,-3, ,
0, ,-3, ,
0, ,-3, ,
0, ,-3, ,
0, ,-3, ,
0, ,-3, ,
0, ,-3, ,
0, ,-3, ,
0, ,-3, ,
0, ,-3, ,
-1, ,-3, ,
0, ,-3, ,
0, ,-3, ,
0, ,-3, ,
0, ,-3, ,
0, ,-3, ,
0, ,-3, ,
0, ,-3, ,
0, ,-3, ,
-1, ,-3, ,
0, ,-3, ,
0, ,-3, ,
0, ,-3, ,
0, ,-3, ,
0, ,-3, ,
0, ,-3, ,
0, ,-3, ,
0, ,-3, ,
0, ,-3, ,
0, ,-3, ,
0, ,-3, ,
0, ,-3, ,
0, ,-3, ,
0, ,-3, ,
0, ,-3, ,
0, ,-3, ,
0, ,-3, ,
0, ,-3, ,
0, ,-3, ,
0, ,-3, ,
0, ,-3, ,
0, ,-3, ,
0, ,-3, ,
0, ,-3, ,
0, ,-3, ,
0, ,-3, ,
0, ,-3, ,
0, ,-3, ,
0, ,-3, ,
0, ,-3, ,
0, ,-3, ,
-1, ,-3, ,
-1, ,-3, ,
0, ,-3, ,
0, ,-3, ,
0, ,-3, ,
0, ,-3, ,
0, ,-3, ,
0, ,-3, ,
0, ,-3, ,
0, ,-3, ,
0, ,-3, ,
0, ,-3, ,
0, ,-3, ,
0, ,-3, ,
0, ,-3, ,
0, ,-3, ,
0, ,-3, ,
0, ,-3, ,
-1, ,-3, ,
0, ,-3, ,
0, ,-3, ,
0, ,-3, ,
0, ,-3, ,
0, ,-3, ,
0, ,-3, ,
-1, ,-3, ,
0, ,-3, ,
0, ,-3, ,
0, ,-3, ,
0, ,-3, ,
0, ,-3, ,
0, ,-3, ,
0, ,-3, ,
0, ,-3, ,
0, ,-3, ,
0, ,-3, ,
0, ,-3, ,
0, ,-3, ,
0, ,-3, ,
0, ,-3, ,
0, ,-3, ,
0, ,-3, ,
0, ,-3, ,
-1, ,-3, ,
0, ,-3, ,
0, ,-3, ,
0, ,-3, ,
0, ,-3, ,
0, ,-3, ,
0, ,-3, ,
0, ,-3, ,
0, ,-3, ,
0, ,-3, ,
0, ,-3, ,
0, ,-3, ,
-1, ,-3, ,
0, ,-3, ,
0, ,-3, ,
0, ,-3, ,
0, ,-3, ,
0, ,-3, ,
0, ,-3, ,
0, ,-3, ,
0, ,-3, ,
0, ,-3, ,
0, ,-3, ,
0, ,-3, ,
0, ,-3, ,
0, ,-3, ,
0, ,-3, ,
-1, ,-3, ,
-1, ,-3, ,
0, ,-3, ,
0, ,-3, ,
0, ,-3, ,
0, ,-3, ,
0, ,-3, ,
0, ,-3, ,
0, ,-3, ,
0, ,-3, ,
0, ,-3, ,
0, ,-3, ,
0, ,-3, ,
0, ,-3, ,
0, ,-3, ,
0, ,-3, ,
0, ,-3, ,
0, ,-3, ,
0, ,-3, ,
0, ,-3, ,
0, ,-3, ,
0, ,-3, ,
0, ,-3, ,
0, ,-3, ,
0, ,-3, ,
0, ,-3, ,
0, ,-3, ,
0, ,-3, ,
0, ,-3, ,
0, ,-3, ,
0, ,-3, ,
0, ,-3, ,
0, ,-3, ,
0, ,-3, ,
0, ,-3, ,
0, ,-3, ,
0, ,-3, ,
0, ,-3, ,
0, ,-3, ,
0, ,-3, ,
0, ,-3, ,
0, ,-3, ,
0, ,-3, ,
0, ,-3, ,
0, ,-3, ,
0, ,-3, ,
0, ,-3, ,
0, ,-3, ,
0, ,-3, ,
0, ,-3, ,
0, ,-3, ,
0, ,-3, ,
0, ,-3, ,
0, ,-3, ,
0, ,-3, ,
0, ,-3, ,
0, ,-3, ,
0, ,-3, ,
0, ,-3, ,
-1, ,-3, ,
0, ,-3, ,
0, ,-3, ,
0, ,-3, ,
0, ,-3, ,
0, ,-3, ,
0, ,-3, ,
0, ,-3, ,
0, ,-3, ,
0, ,-3, ,
0, ,-3, ,
0, ,-3, ,
0, ,-3, ,
0, ,-3, ,
0, ,-3, ,
0, ,-3, ,
0, ,-3, ,
0, ,-3, ,
0, ,-3, ,
-1, ,-3, ,
0, ,-3, ,
0, ,-3, ,
0, ,-3, ,
0, ,-3, ,
0, ,-3, ,
-1, ,-3, ,
0, ,-3, ,
0, ,-3, ,
0, ,-3, ,
0, ,-3, ,
0, ,-3, ,
0, ,-3, ,
0, ,-3, ,
0, ,-3, ,
0, ,-3, ,
0, ,-3, ,
-1, ,-3, ,
-1, ,-3, ,
0, ,-3, ,
0, ,-3, ,
0, ,-3, ,
0, ,-3, ,
0, ,-3, ,
0, ,-3, ,
0, ,-3, ,
0, ,-3, ,
-1, ,-3, ,
-1, ,-3, ,
-1, ,-3, ,
0, ,-3, ,
0, ,-3, ,
0, ,-3, ,
0, ,-3, ,
0, ,-3, ,
-1, ,-3, ,
-1, ,-3, ,
-1, ,-3, ,
0, ,-3, ,
-1, ,-3, ,
-1, ,-3, ,
-1, ,-3, ,
-1, ,-3, ,
0, ,-3, ,
1, ,-3, ,
1, ,-3, ,
0, ,-3, ,
-1, ,-3, ,
-1, ,-3, ,
-1, ,-3, ,
0, ,-3, ,
0, ,-3, ,
0, ,-3, ,
0, ,-3, ,
0, ,-3, ,
0, ,-3, ,
0, ,-3, ,
0, ,-3, ,
0, ,-3, ,
0, ,-3, ,
0, ,-3, ,
0, ,-3, ,
-1, ,-3, ,
-1, ,-3, ,
0, ,-3, ,
0, ,-3, ,
0, ,-3, ,
0, ,-3, ,
0, ,-3, ,
0, ,-3, ,
0, ,-3, ,
0, ,-3, ,
-1, ,-3, ,
-1, ,-3, ,
0, ,-3, ,
0, ,-3, ,
0, ,-3, ,
0, ,-3, ,
0, ,-3, ,
0, ,-3, ,
0, ,-3, ,
0, ,-3, ,
0, ,-3, ,
0, ,-3, ,
0, ,-3, ,
0, ,-3, ,
0, ,-3, ,
0, ,-3, ,
-1, ,-3, ,
0, ,-3, ,
0, ,-3, ,
0, ,-3, ,
0, ,-3, ,
0, ,-3, ,
0, ,-3, ,
0, ,-3, ,
0, ,-3, ,
-1, ,-3, ,
-1, ,-3, ,
0, ,-3, ,
0, ,-3, ,
0, ,-3, ,
0, ,-3, ,
0, ,-3, ,
0, ,-3, ,
0, ,-3, ,
0, ,-3, ,
0, ,-3, ,
-1, ,-3, ,
-1, ,-3, ,
0, ,-3, ,
0, ,-3, ,
0, ,-3, ,
-1, ,-3, ,
-1, ,-3, ,
-1, ,-3, ,
0, ,-3, ,
0, ,-3, ,
0, ,-3, ,
0, ,-3, ,
0, ,-3, ,
0, ,-3, ,
-1, ,-3, ,
-1, ,-3, ,
0, ,-3, ,
0, ,-3, ,
0, ,-3, ,
0, ,-3, ,
0, ,-3, ,
0, ,-3, ,
0, ,-3, ,
0, ,-3, ,
0, ,-3, ,
0, ,-3, ,
0, ,-3, ,
0, ,-3, ,
0, ,-3, ,
0, ,-3, ,
0, ,-3, ,
-1, ,-3, ,
-1, ,-3, ,
0, ,-3, ,
-1, ,-3, ,
-1, ,-3, ,
0, ,-3, ,
0, ,-3, ,
0, ,-3, ,
-1, ,-3, ,
-1, ,-3, ,
0, ,-3, ,
1, ,-3, ,
0, ,-3, ,
-1, ,-3, ,
-1, ,-3, ,
0, ,-3, ,
0, ,-3, ,
-1, ,-3, ,
-1, ,-3, ,
0, ,-3, ,
0, ,-3, ,
0, ,-3, ,
0, ,-3, ,
-1, ,-3, ,
0, ,-3, ,
0, ,-3, ,
0, ,-3, ,
-1, ,-3, ,
0, ,-3, ,
0, ,-3, ,
0, ,-3, ,
0, ,-3, ,
0, ,-3, ,
-1, ,-3, ,
-1, ,-3, ,
0, ,-3, ,
0, ,-3, ,
0, ,-3, ,
0, ,-3, ,
-1, ,-3, ,
-1, ,-3, ,
0, ,-3, ,
0, ,-3, ,
0, ,-3, ,
-1, ,-3, ,
-1, ,-3, ,
0, ,-3, ,
1, ,-3, ,
0, ,-3, ,
-4, ,-3, ,
-4, ,-3, ,
0, ,-3, ,
2, ,-3, ,
0, ,-3, ,
-1, ,-3, ,
0, ,-3, ,
0, ,-3, ,
-1, ,-3, ,
-1, ,-3, ,
-1, ,-3, ,
0, ,-3, ,
0, ,-3, ,
0, ,-3, ,
0, ,-3, ,
-1, ,-3, ,
-1, ,-3, ,
-1, ,-3, ,
0, ,-3, ,
0, ,-3, ,
-1, ,-3, ,
0, ,-3, ,
1, ,-3, ,
1, ,-3, ,
0, ,-3, ,
-1, ,-3, ,
-1, ,-3, ,
-2, ,-3, ,
0, ,-3, ,
0, ,-3, ,
0, ,-3, ,
-1, ,-3, ,
-1, ,-3, ,
0, ,-3, ,
0, ,-3, ,
0, ,-3, ,
-1, ,-3, ,
-4, ,-3, ,
-2, ,-3, ,
4, ,-3, ,
6, ,-3, ,
0, ,-3, ,
-4, ,-3, ,
-1, ,-3, ,
-4, ,-3, ,
-6, ,-3, ,
-2, ,-3, ,
1, ,-3, ,
-1, ,-3, ,
-4, ,-3, ,
1, ,-3, ,
7, ,-3, ,
9, ,-3, ,
1, ,-3, ,
-6, ,-3, ,
-9, ,-3, ,
-4, ,-3, ,
2, ,-3, ,
2, ,-3, ,
-1, ,-3, ,
-5, ,-3, ,
-5, ,-3, ,
-2, ,-3, ,
1, ,-3, ,
6, ,-3, ,
5, ,-3, ,
0, ,-3, ,
-5, ,-3, ,
-6, ,-3, ,
-4, ,-3, ,
1, ,-3, ,
4, ,-3, ,
4, ,-3, ,
5, ,-3, ,
7, ,-3, ,
2, ,-3, ,
-9, ,-3, ,
-20, ,-3, ,
-17, ,-3, ,
-2, ,-3, ,
5, ,-3, ,
1, ,-3, ,
1, ,-3, ,
9, ,-3, ,
11, ,-3, ,
7, ,-3, ,
6, ,-3, ,
1, ,-3, ,
-11, ,-3, ,
-20, ,-3, ,
-16, ,-3, ,
-2, ,-3, ,
9, ,-3, ,
9, ,-3, ,
1, ,-3, ,
-5, ,-3, ,
-4, ,-3, ,
1, ,-3, ,
9, ,-3, ,
10, ,-3, ,
7, ,-3, ,
1, ,-3, ,
-10, ,-3, ,
-16, ,-3, ,
-15, ,-3, ,
-6, ,-3, ,
6, ,-3, ,
13, ,-3, ,
9, ,-3, ,
-2, ,-3, ,
-10, ,-3, ,
-11, ,-3, ,
-10, ,-3, ,
-6, ,-3, ,
2, ,-3, ,
12, ,-3, ,
15, ,-3, ,
9, ,-3, ,
-4, ,-3, ,
-9, ,-3, ,
-5, ,-3, ,
0, ,-3, ,
1, ,-3, ,
0, ,-3, ,
0, ,-3, ,
-4, ,-3, ,
-6, ,-3, ,
-7, ,-3, ,
-5, ,-3, ,
0, ,-3, ,
6, ,-3, ,
6, ,-3, ,
2, ,-3, ,
-1, ,-3, ,
-1, ,-3, ,
-1, ,-3, ,
-2, ,-3, ,
-5, ,-3, ,
-5, ,-3, ,
-2, ,-3, ,
2, ,-3, ,
5, ,-3, ,
4, ,-3, ,
2, ,-3, ,
4, ,-3, ,
5, ,-3, ,
2, ,-3, ,
-2, ,-3, ,
-7, ,-3, ,
-10, ,-3, ,
-10, ,-3, ,
-7, ,-3, ,
-4, ,-3, ,
-1, ,-3, ,
-1, ,-3, ,
0, ,-3, ,
5, ,-3, ,
11, ,-3, ,
9, ,-3, ,
1, ,-3, ,
-5, ,-3, ,
-5, ,-3, ,
-2, ,-3, ,
-2, ,-3, ,
-2, ,-3, ,
0, ,-3, ,
4, ,-3, ,
5, ,-3, ,
2, ,-3, ,
1, ,-3, ,
0, ,-3, ,
-1, ,-3, ,
-4, ,-3, ,
-4, ,-3, ,
-1, ,-3, ,
1, ,-3, ,
-1, ,-3, ,
-5, ,-3, ,
-6, ,-3, ,
-5, ,-3, ,
1, ,-3, ,
5, ,-3, ,
7, ,-3, ,
5, ,-3, ,
0, ,-3, ,
-2, ,-3, ,
-4, ,-3, ,
-4, ,-3, ,
-4, ,-3, ,
-2, ,-3, ,
-4, ,-3, ,
-4, ,-3, ,
-1, ,-3, ,
2, ,-3, ,
5, ,-3, ,
4, ,-3, ,
2, ,-3, ,
5, ,-3, ,
5, ,-3, ,
-5, ,-3, ,
-20, ,-3, ,
-16, ,-3, ,
1, ,-3, ,
11, ,-3, ,
5, ,-3, ,
1, ,-3, ,
4, ,-3, ,
1, ,-3, ,
-1, ,-3, ,
1, ,-3, ,
1, ,-3, ,
-4, ,-3, ,
-9, ,-3, ,
-9, ,-3, ,
-1, ,-3, ,
10, ,-3, ,
13, ,-3, ,
5, ,-3, ,
-6, ,-3, ,
-11, ,-3, ,
-10, ,-3, ,
-5, ,-3, ,
1, ,-3, ,
1, ,-3, ,
-5, ,-3, ,
-11, ,-3, ,
-5, ,-3, ,
9, ,-3, ,
16, ,-3, ,
11, ,-3, ,
2, ,-3, ,
0, ,-3, ,
0, ,-3, ,
-1, ,-3, ,
-10, ,-3, ,
-20, ,-3, ,
-18, ,-3, ,
-9, ,-3, ,
11, ,-3, ,
26, ,-3, ,
20, ,-3, ,
-6, ,-3, ,
-26, ,-3, ,
-22, ,-3, ,
-7, ,-3, ,
9, ,-3, ,
21, ,-3, ,
18, ,-3, ,
6, ,-3, ,
-10, ,-3, ,
-21, ,-3, ,
-16, ,-3, ,
-1, ,-3, ,
9, ,-3, ,
5, ,-3, ,
-1, ,-3, ,
-1, ,-3, ,
4, ,-3, ,
4, ,-3, ,
-6, ,-3, ,
-15, ,-3, ,
-6, ,-3, ,
18, ,-3, ,
39, ,-3, ,
30, ,-3, ,
-7, ,-3, ,
-46, ,-3, ,
-50, ,-3, ,
-24, ,-3, ,
6, ,-3, ,
17, ,-3, ,
9, ,-3, ,
2, ,-3, ,
5, ,-3, ,
6, ,-3, ,
5, ,-3, ,
2, ,-3, ,
2, ,-3, ,
-1, ,-3, ,
-4, ,-3, ,
-5, ,-3, ,
-5, ,-3, ,
-2, ,-3, ,
2, ,-3, ,
7, ,-3, ,
6, ,-3, ,
0, ,-3, ,
-7, ,-3, ,
-11, ,-3, ,
-10, ,-3, ,
-1, ,-3, ,
7, ,-3, ,
11, ,-3, ,
10, ,-3, ,
2, ,-3, ,
-5, ,-3, ,
-9, ,-3, ,
-6, ,-3, ,
-2, ,-3, ,
-2, ,-3, ,
-4, ,-3, ,
-4, ,-3, ,
-1, ,-3, ,
1, ,-3, ,
1, ,-3, ,
0, ,-3, ,
0, ,-3, ,
-1, ,-3, ,
-1, ,-3, ,
-2, ,-3, ,
-2, ,-3, ,
-1, ,-3, ,
1, ,-3, ,
4, ,-3, ,
4, ,-3, ,
2, ,-3, ,
2, ,-3, ,
2, ,-3, ,
2, ,-3, ,
0, ,-3, ,
-1, ,-3, ,
-2, ,-3, ,
-4, ,-3, ,
-4, ,-3, ,
-5, ,-3, ,
-5, ,-3, ,
-4, ,-3, ,
-2, ,-3, ,
0, ,-3, ,
1, ,-3, ,
1, ,-3, ,
1, ,-3, ,
1, ,-3, ,
1, ,-3, ,
1, ,-3, ,
1, ,-3, ,
1, ,-3, ,
2, ,-3, ,
2, ,-3, ,
1, ,-3, ,
-1, ,-3, ,
-2, ,-3, ,
-4, ,-3, ,
-4, ,-3, ,
-4, ,-3, ,
-2, ,-3, ,
-2, ,-3, ,
-1, ,-3, ,
-1, ,-3, ,
0, ,-3, ,
1, ,-3, ,
2, ,-3, ,
4, ,-3, ,
4, ,-3, ,
1, ,-3, ,
0, ,-3, ,
-1, ,-3, ,
-2, ,-3, ,
-2, ,-3, ,
-2, ,-3, ,
-2, ,-3, ,
-1, ,-3, ,
-1, ,-3, ,
-1, ,-3, ,
-1, ,-3, ,
-1, ,-3, ,
0, ,-3, ,
1, ,-3, ,
2, ,-3, ,
2, ,-3, ,
1, ,-3, ,
0, ,-3, ,
-1, ,-3, ,
-2, ,-3, ,
-2, ,-3, ,
-2, ,-3, ,
-2, ,-3, ,
-1, ,-3, ,
0, ,-3, ,
0, ,-3, ,
0, ,-3, ,
0, ,-3, ,
0, ,-3, ,
1, ,-3, ,
2, ,-3, ,
1, ,-3, ,
1, ,-3, ,
1, ,-3, ,
1, ,-3, ,
1, ,-3, ,
0, ,-3, ,
-1, ,-3, ,
-2, ,-3, ,
-2, ,-3, ,
-2, ,-3, ,
-2, ,-3, ,
-1, ,-3, ,
-1, ,-3, ,
0, ,-3, ,
0, ,-3, ,
1, ,-3, ,
1, ,-3, ,
1, ,-3, ,
1, ,-3, ,
1, ,-3, ,
0, ,-3, ,
0, ,-3, ,
-1, ,-3, ,
-1, ,-3, ,
-1, ,-3, ,
-2, ,-3, ,
-2, ,-3, ,
-1, ,-3, ,
-1, ,-3, ,
-1, ,-3, ,
-1, ,-3, ,
-1, ,-3, ,
0, ,-3, ,
0, ,-3, ,
0, ,-3, ,
0, ,-3, ,
0, ,-3, ,
0, ,-3, ,
0, ,-3, ,
1, ,-3, ,
1, ,-3, ,
1, ,-3, ,
0, ,-3, ,
0, ,-3, ,
-1, ,-3, ,
-1, ,-3, ,
-1, ,-3, ,
0, ,-3, ,
0, ,-3, ,
-1, ,-3, ,
-1, ,-3, ,
-1, ,-3, ,
0, ,-3, ,
0, ,-3, ,
0, ,-3, ,
0, ,-3, ,
0, ,-3, ,
0, ,-3, ,
-1, ,-3, ,
-1, ,-3, ,
-1, ,-3, ,
-1, ,-3, ,
-1, ,-3, ,
0, ,-3, ,
0, ,-3, ,
-1, ,-3, ,
-1, ,-3, ,
-2, ,-3, ,
-1, ,-3, ,
-1, ,-3, ,
0, ,-3, ,
1, ,-3, ,
1, ,-3, ,
0, ,-3, ,
0, ,-3, ,
0, ,-3, ,
1, ,-3, ,
1, ,-3, ,
1, ,-3, ,
1, ,-3, ,
0, ,-3, ,
0, ,-3, ,
0, ,-3, ,
-1, ,-3, ,
-1, ,-3, ,
-1, ,-3, ,
-1, ,-3, ,
-1, ,-3, ,
-1, ,-3, ,
-1, ,-3, ,
-1, ,-3, ,
-1, ,-3, ,
-1, ,-3, ,
-1, ,-3, ,
0, ,-3, ,
0, ,-3, ,
1, ,-3, ,
0, ,-3, ,
0, ,-3, ,
0, ,-3, ,
-1, ,-3, ,
-1, ,-3, ,
-1, ,-3, ,
0, ,-3, ,
0, ,-3, ,
0, ,-3, ,
0, ,-3, ,
0, ,-3, ,
0, ,-3, ,
0, ,-3, ,
0, ,-3, ,
0, ,-3, ,
0, ,-3, ,
0, ,-3, ,
0, ,-3, ,
0, ,-3, ,
0, ,-3, ,
0, ,-3, ,
0, ,-3, ,
-1, ,-3, ,
-1, ,-3, ,
-1, ,-3, ,
-1, ,-3, ,
-1, ,-3, ,
-1, ,-3, ,
-1, ,-3, ,
-1, ,-3, ,
-1, ,-3, ,
0, ,-3, ,
0, ,-3, ,
0, ,-3, ,
0, ,-3, ,
0, ,-3, ,
0, ,-3, ,
0, ,-3, ,
0, ,-3, ,
0, ,-3, ,
-1, ,-3, ,
0, ,-3, ,
0, ,-3, ,
0, ,-3, ,
0, ,-3, ,
0, ,-3, ,
0, ,-3, ,
0, ,-3, ,
0, ,-3, ,
0, ,-3, ,
0, ,-3, ,
0, ,-3, ,
0, ,-3, ,
0, ,-3, ,
-1, ,-3, ,
-1, ,-3, ,
0, ,-3, ,
0, ,-3, ,
0, ,-3, ,
0, ,-3, ,
0, ,-3, ,
0, ,-3, ,
0, ,-3, ,
0, ,-3, ,
-1, ,-3, ,
0, ,-3, ,
0, ,-3, ,
0, ,-3, ,
0, ,-3, ,
0, ,-3, ,
0, ,-3, ,
0, ,-3, ,
0, ,-3, ,
0, ,-3, ,
0, ,-3, ,
0, ,-3, ,
0, ,-3, ,
-1, ,-3, ,
0, ,-3, ,
-1, ,-3, ,
-1, ,-3, ,
0, ,-3, ,
0, ,-3, ,
0, ,-3, ,
0, ,-3, ,
0, ,-3, ,
0, ,-3, ,
0, ,-3, ,
0, ,-3, ,
0, ,-3, ,
0, ,-3, ,
0, ,-3, ,
0, ,-3, ,
0, ,-3, ,
0, ,-3, ,
0, ,-3, ,
-1, ,-3, ,
-1, ,-3, ,
-1, ,-3, ,
0, ,-3, ,
0, ,-3, ,
0, ,-3, ,
0, ,-3, ,
0, ,-3, ,
0, ,-3, ,
0, ,-3, ,
0, ,-3, ,
0, ,-3, ,
0, ,-3, ,
0, ,-3, ,
0, ,-3, ,
0, ,-3, ,
0, ,-3, ,
0, ,-3, ,
0, ,-3, ,
-1, ,-3, ,
0, ,-3, ,
0, ,-3, ,
0, ,-3, ,
0, ,-3, ,
0, ,-3, ,
0, ,-3, ,
0, ,-3, ,
-1, ,-3, ,
0, ,-3, ,
0, ,-3, ,
0, ,-3, ,
0, ,-3, ,
0, ,-3, ,
0, ,-3, ,
0, ,-3, ,
0, ,-3, ,
0, ,-3, ,
0, ,-3, ,
0, ,-3, ,
-1, ,-3, ,
-1, ,-3, ,
0, ,-3, ,
0, ,-3, ,
0, ,-3, ,
0, ,-3, ,
-1, ,-3, ,
-1, ,-3, ,
0, ,-3, ,
-1, ,-3, ,
0, ,-3, ,
0, ,-3, ,
0, ,-3, ,
0, ,-3, ,
0, ,-3, ,
0, ,-3, ,
0, ,-3, ,
0, ,-3, ,
0, ,-3, ,
0, ,-3, ,
0, ,-3, ,
0, ,-3, ,
0, ,-3, ,
0, ,-3, ,
0, ,-3, ,
0, ,-3, ,
0, ,-3, ,
0, ,-3, ,
0, ,-3, ,
0, ,-3, ,
0, ,-3, ,
0, ,-3, ,
0, ,-3, ,
0, ,-3, ,
0, ,-3, ,
0, ,-3, ,
-1, ,-3, ,
-1, ,-3, ,
-1, ,-3, ,
0, ,-3, ,
-1, ,-3, ,
0, ,-3, ,
0, ,-3, ,
0, ,-3, ,
0, ,-3, ,
0, ,-3, ,
0, ,-3, ,
0, ,-3, ,
0, ,-3, ,
0, ,-3, ,
0, ,-3, ,
0, ,-3, ,
0, ,-3, ,
0, ,-3, ,
0, ,-3, ,
0, ,-3, ,
0, ,-3, ,
0, ,-3, ,
0, ,-3, ,
127, ,-3, ,
127, ,-3, ,
127, ,-3, ,
127, ,-3, ,
127, ,-3, ,
99, ,-3, ,
49, ,-3, ,
21, ,-3, ,
4, ,-3, ,
-4, ,-3, ,
-9, ,-3, ,
-10, ,-3, ,
-10, ,-3, ,
-9, ,-3, ,
-7, ,-3, ,
-6, ,-3, ,
-5, ,-3, ,
-4, ,-3, ,
-4, ,-3, ,
-2, ,-3, ,
-2, ,-3, ,
-2, ,-3, ,
-2, ,-3, ,
-2, ,-3, ,
-1, ,-3, ,
-2, ,-3, ,
-4, ,-3, ,
-4, ,-3, ,
-4, ,-3, ,
-2, ,-3, ,
-7, ,-3, ,
-1, ,-3, ,
0, ,-3, ,
1, ,-3, ,
1, ,-3, ,
-15, ,-3, ,
-34, ,-3, ,
-83, ,-3, ,
-94, ,-3, ,
-128, ,-3, ,
-34, ,-3, ,
-22, ,-3, ,
12, ,-3, ,
-15, ,-3, ,
-26, ,-3, ,
-45, ,-3, ,
-37, ,-3, ,
-35, ,-3, ,
-50, ,-3, ,
-49, ,-3, ,
-50, ,-3, ,
-61, ,-3, ,
-30, ,-3, ,
-18, ,-3, ,
9, ,-3, ,
-6, ,-3, ,
16, ,-3, ,
7, ,-3, ,
-7, ,-3, ,
-27, ,-3, ,
-56, ,-3, ,
-79, ,-3, ,
-88, ,-3, ,
-60, ,-3, ,
-43, ,-3, ,
-5, ,-3, ,
34, ,-3, ,
21, ,-3, ,
7, ,-3, ,
-9, ,-3, ,
-45, ,-3, ,
-67, ,-3, ,
-52, ,-3, ,
-45, ,-3, ,
-40, ,-3, ,
-20, ,-3, ,
-22, ,-3, ,
-22, ,-3, ,
-30, ,-3, ,
-37, ,-3, ,
-24, ,-3, ,
-15, ,-3, ,
-6, ,-3, ,
-9, ,-3, ,
-15, ,-3, ,
-20, ,-3, ,
-18, ,-3, ,
-16, ,-3, ,
-13, ,-3, ,
-2, ,-3, ,
2, ,-3, ,
-1, ,-3, ,
-2, ,-3, ,
-2, ,-3, ,
-9, ,-3, ,
-10, ,-3, ,
-9, ,-3, ,
-9, ,-3, ,
-10, ,-3, ,
-10, ,-3, ,
-6, ,-3, ,
-7, ,-3, ,
-6, ,-3, ,
-4, ,-3, ,
-9, ,-3, ,
-12, ,-3, ,
-13, ,-3, ,
-20, ,-3, ,
-21, ,-3, ,
-21, ,-3, ,
-23, ,-3, ,
-21, ,-3, ,
-15, ,-3, ,
-12, ,-3, ,
-7, ,-3, ,
-4, ,-3, ,
0, ,-3, ,
1, ,-3, ,
4, ,-3, ,
2, ,-3, ,
-2, ,-3, ,
-4, ,-3, ,
-4, ,-3, ,
-7, ,-3, ,
-16, ,-3, ,
-12, ,-3, ,
10, ,-3, ,
9, ,-3, ,
-1, ,-3, ,
-5, ,-3, ,
-6, ,-3, ,
-5, ,-3, ,
0, ,-3, ,
-1, ,-3, ,
-4, ,-3, ,
-2, ,-3, ,
1, ,-3, ,
0, ,-3, ,
-5, ,-3, ,
-2, ,-3, ,
1, ,-3, ,
-2, ,-3, ,
-2, ,-3, ,
4, ,-3, ,
-4, ,-3, ,
-7, ,-3, ,
-2, ,-3, ,
-2, ,-3, ,
-5, ,-3, ,
-2, ,-3, ,
-2, ,-3, ,
-2, ,-3, ,
0, ,-3, ,
0, ,-3, ,
-1, ,-3, ,
-1, ,-3, ,
-1, ,-3, ,
-2, ,-3, ,
-2, ,-3, ,
-2, ,-3, ,
-2, ,-3, ,
-4, ,-3, ,
-5, ,-3, ,
-1, ,-3, ,
1, ,-3, ,
0, ,-3, ,
1, ,-3, ,
2, ,-3, ,
2, ,-3, ,
4, ,-3, ,
4, ,-3, ,
4, ,-3, ,
2, ,-3, ,
2, ,-3, ,
1, ,-3, ,
0, ,-3, ,
-1, ,-3, ,
-2, ,-3, ,
-2, ,-3, ,
-2, ,-3, ,
-2, ,-3, ,
-1, ,-3, ,
0, ,-3, ,
0, ,-3, ,
1, ,-3, ,
2, ,-3, ,
2, ,-3, ,
2, ,-3, ,
2, ,-3, ,
2, ,-3, ,
1, ,-3, ,
0, ,-3, ,
0, ,-3, ,
0, ,-3, ,
-1, ,-3, ,
-1, ,-3, ,
-2, ,-3, ,
-4, ,-3, ,
-4, ,-3, ,
-5, ,-3, ,
-5, ,-3, ,
-5, ,-3, ,
-5, ,-3, ,
-4, ,-3, ,
-4, ,-3, ,
-4, ,-3, ,
-4, ,-3, ,
-6, ,-3, ,
-6, ,-3, ,
2, ,-3, ,
0, ,-3, ,
-4, ,-3, ,
-2, ,-3, ,
-1, ,-3, ,
-1, ,-3, ,
0, ,-3, ,
0, ,-3, ,
0, ,-3, ,
1, ,-3, ,
4, ,-3, ,
5, ,-3, ,
4, ,-3, ,
-1, ,-3, ,
-5, ,-3, ,
-4, ,-3, ,
-5, ,-3, ,
-7, ,-3, ,
-7, ,-3, ,
-7, ,-3, ,
-9, ,-3, ,
-9, ,-3, ,
-9, ,-3, ,
-9, ,-3, ,
-7, ,-3, ,
-6, ,-3, ,
-5, ,-3, ,
-2, ,-3, ,
-1, ,-3, ,
0, ,-3, ,
0, ,-3, ,
0, ,-3, ,
0, ,-3, ,
0, ,-3, ,
0, ,-3, ,
0, ,-3, ,
-1, ,-3, ,
-2, ,-3, ,
-5, ,-3, ,
-2, ,-3, ,
0, ,-3, ,
-2, ,-3, ,
-2, ,-3, ,
0, ,-3, ,
-1, ,-3, ,
-2, ,-3, ,
0, ,-3, ,
-1, ,-3, ,
-1, ,-3, ,
-1, ,-3, ,
-1, ,-3, ,
0, ,-3, ,
0, ,-3, ,
0, ,-3, ,
-1, ,-3, ,
-1, ,-3, ,
-2, ,-3, ,
-2, ,-3, ,
-4, ,-3, ,
-4, ,-3, ,
-1, ,-3, ,
0, ,-3, ,
0, ,-3, ,
0, ,-3, ,
0, ,-3, ,
0, ,-3, ,
0, ,-3, ,
1, ,-3, ,
1, ,-3, ,
1, ,-3, ,
2, ,-3, ,
2, ,-3, ,
1, ,-3, ,
1, ,-3, ,
1, ,-3, ,
0, ,-3, ,
1, ,-3, ,
1, ,-3, ,
1, ,-3, ,
-2, ,-3, ,
-11, ,-3, ,
2, ,-3, ,
26, ,-3, ,
5, ,-3, ,
-10, ,-3, ,
5, ,-3, ,
5, ,-3, ,
-15, ,-3, ,
-11, ,-3, ,
0, ,-3, ,
0, ,-3, ,
0, ,-3, ,
1, ,-3, ,
2, ,-3, ,
1, ,-3, ,
0, ,-3, ,
0, ,-3, ,
0, ,-3, ,
-1, ,-3, ,
-2, ,-3, ,
-1, ,-3, ,
-1, ,-3, ,
-1, ,-3, ,
-1, ,-3, ,
-1, ,-3, ,
-1, ,-3, ,
-1, ,-3, ,
-1, ,-3, ,
-2, ,-3, ,
-2, ,-3, ,
-2, ,-3, ,
-1, ,-3, ,
-2, ,-3, ,
-1, ,-3, ,
-1, ,-3, ,
-1, ,-3, ,
-1, ,-3, ,
-1, ,-3, ,
-1, ,-3, ,
-1, ,-3, ,
-1, ,-3, ,
-2, ,-3, ,
-2, ,-3, ,
-2, ,-3, ,
-2, ,-3, ,
-1, ,-3, ,
-2, ,-3, ,
-1, ,-3, ,
-2, ,-3, ,
-1, ,-3, ,
-2, ,-3, ,
-2, ,-3, ,
-2, ,-3, ,
-2, ,-3, ,
-2, ,-3, ,
-2, ,-3, ,
-2, ,-3, ,
-2, ,-3, ,
-2, ,-3, ,
-2, ,-3, ,
-2, ,-3, ,
-2, ,-3, ,
-2, ,-3, ,
-1, ,-3, ,
-1, ,-3, ,
-1, ,-3, ,
-1, ,-3, ,
-1, ,-3, ,
-1, ,-3, ,
-1, ,-3, ,
-1, ,-3, ,
0, ,-3, ,
-1, ,-3, ,
0, ,-3, ,
0, ,-3, ,
0, ,-3, ,
0, ,-3, ,
0, ,-3, ,
0, ,-3, ,
0, ,-3, ,
0, ,-3, ,
0, ,-3, ,
0, ,-3, ,
0, ,-3, ,
0, ,-3, ,
0, ,-3, ,
0, ,-3, ,
0, ,-3, ,
0, ,-3, ,
0, ,-3, ,
0, ,-3, ,
0, ,-3, ,
0, ,-3, ,
0, ,-3, ,
0, ,-3, ,
0, ,-3, ,
1, ,-3, ,
0, ,-3, ,
0, ,-3, ,
1, ,-3, ,
1, ,-3, ,
0, ,-3, ,
1, ,-3, ,
1, ,-3, ,
1, ,-3, ,
1, ,-3, ,
1, ,-3, ,
1, ,-3, ,
1, ,-3, ,
0, ,-3, ,
0, ,-3, ,
0, ,-3, ,
0, ,-3, ,
0, ,-3, ,
0, ,-3, ,
0, ,-3, ,
0, ,-3, ,
0, ,-3, ,
0, ,-3, ,
0, ,-3, ,
0, ,-3, ,
0, ,-3, ,
-1, ,-3, ,
-1, ,-3, ,
0, ,-3, ,
0, ,-3, ,
1, ,-3, ,
1, ,-3, ,
0, ,-3, ,
0, ,-3, ,
0, ,-3, ,
0, ,-3, ,
-1, ,-3, ,
-1, ,-3, ,
-1, ,-3, ,
-1, ,-3, ,
-1, ,-3, ,
-1, ,-3, ,
-2, ,-3, ,
-2, ,-3, ,
-2, ,-3, ,
-1, ,-3, ,
-1, ,-3, ,
-2, ,-3, ,
-1, ,-3, ,
-1, ,-3, ,
-1, ,-3, ,
-1, ,-3, ,
-1, ,-3, ,
-1, ,-3, ,
-1, ,-3, ,
-1, ,-3, ,
-1, ,-3, ,
-1, ,-3, ,
-1, ,-3, ,
-1, ,-3, ,
-2, ,-3, ,
-1, ,-3, ,
-1, ,-3, ,
-1, ,-3, ,
-1, ,-3, ,
-1, ,-3, ,
-1, ,-3, ,
-1, ,-3, ,
-1, ,-3, ,
-1, ,-3, ,
-1, ,-3, ,
-1, ,-3, ,
-1, ,-3, ,
0, ,-3, ,
0, ,-3, ,
0, ,-3, ,
0, ,-3, ,
0, ,-3, ,
0, ,-3, ,
0, ,-3, ,
0, ,-3, ,
0, ,-3, ,
0, ,-3, ,
0, ,-3, ,
0, ,-3, ,
0, ,-3, ,
0, ,-3, ,
0, ,-3, ,
0, ,-3, ,
0, ,-3, ,
0, ,-3, ,
0, ,-3, ,
0, ,-3, ,
0, ,-3, ,
0, ,-3, ,
1, ,-3, ,
0, ,-3, ,
0, ,-3, ,
0, ,-3, ,
0, ,-3, ,
-1, ,-3, ,
0, ,-3, ,
0, ,-3, ,
0, ,-3, ,
-1, ,-3, ,
-1, ,-3, ,
0, ,-3, ,
-1, ,-3, ,
-1, ,-3, ,
-1, ,-3, ,
-1, ,-3, ,
-1, ,-3, ,
-1, ,-3, ,
-1, ,-3, ,
-1, ,-3, ,
0, ,-3, ,
0, ,-3, ,
-1, ,-3, ,
-1, ,-3, ,
-1, ,-3, ,
-1, ,-3, ,
-1, ,-3, ,
-1, ,-3, ,
-1, ,-3, ,
-1, ,-3, ,
-1, ,-3, ,
-1, ,-3, ,
-1, ,-3, ,
-1, ,-3, ,
-1, ,-3, ,
-1, ,-3, ,
-1, ,-3, ,
-1, ,-3, ,
-1, ,-3, ,
0, ,-3, ,
0, ,-3, ,
0, ,-3, ,
-1, ,-3, ,
0, ,-3, ,
0, ,-3, ,
0, ,-3, ,
0, ,-3, ,
0, ,-3, ,
0, ,-3, ,
0, ,-3, ,
-2, ,-3, ,
-5, ,-3, ,
4, ,-3, ,
10, ,-3, ,
-2, ,-3, ,
-4, ,-3, ,
0, ,-3, ,
-2, ,-3, ,
-4, ,-3, ,
0, ,-3, ,
1, ,-3, ,
1, ,-3, ,
1, ,-3, ,
0, ,-3, ,
0, ,-3, ,
0, ,-3, ,
0, ,-3, ,
0, ,-3, ,
0, ,-3, ,
0, ,-3, ,
0, ,-3, ,
0, ,-3, ,
0, ,-3, ,
0, ,-3, ,
0, ,-3, ,
0, ,-3, ,
0, ,-3, ,
-1, ,-3, ,
0, ,-3, ,
-1, ,-3, ,
-1, ,-3, ,
-1, ,-3, ,
-1, ,-3, ,
-1, ,-3, ,
0, ,-3, ,
0, ,-3, ,
0, ,-3, ,
0, ,-3, ,
0, ,-3, ,
0, ,-3, ,
0, ,-3, ,
0, ,-3, ,
0, ,-3, ,
0, ,-3, ,
-1, ,-3, ,
0, ,-3, ,
-1, ,-3, ,
-4, ,-3, ,
2, ,-3, ,
9, ,-3, ,
-1, ,-3, ,
-7, ,-3, ,
-1, ,-3, ,
0, ,-3, ,
0, ,-3, ,
0, ,-3, ,
-1, ,-3, ,
0, ,-3, ,
0, ,-3, ,
-1, ,-3, ,
0, ,-3, ,
1, ,-3, ,
0, ,-3, ,
-1, ,-3, ,
0, ,-3, ,
1, ,-3, ,
1, ,-3, ,
0, ,-3, ,
-1, ,-3, ,
-1, ,-3, ,
-1, ,-3, ,
-1, ,-3, ,
-1, ,-3, ,
0, ,-3, ,
-1, ,-3, ,
-1, ,-3, ,
-1, ,-3, ,
-1, ,-3, ,
-1, ,-3, ,
-1, ,-3, ,
-1, ,-3, ,
-1, ,-3, ,
-1, ,-3, ,
-1, ,-3, ,
0, ,-3, ,
0, ,-3, ,
0, ,-3, ,
0, ,-3, ,
0, ,-3, ,
-1, ,-3, ,
-1, ,-3, ,
-1, ,-3, ,
-1, ,-3, ,
-1, ,-3, ,
-1, ,-3, ,
-1, ,-3, ,
-1, ,-3, ,
-1, ,-3, ,
-1, ,-3, ,
0, ,-3, ,
0, ,-3, ,
0, ,-3, ,
0, ,-3, ,
0, ,-3, ,
-1, ,-3, ,
0, ,-3, ,
1, ,-3, ,
0, ,-3, ,
0, ,-3, ,
0, ,-3, ,
0, ,-3, ,
0, ,-3, ,
0, ,-3, ,
0, ,-3, ,
0, ,-3, ,
0, ,-3, ,
0, ,-3, ,
0, ,-3, ,
0, ,-3, ,
1, ,-3, ,
0, ,-3, ,
0, ,-3, ,
0, ,-3, ,
0, ,-3, ,
0, ,-3, ,
0, ,-3, ,
1, ,-3, ,
0, ,-3, ,
0, ,-3, ,
0, ,-3, ,
0, ,-3, ,
0, ,-3, ,
0, ,-3, ,
0, ,-3, ,
0, ,-3, ,
0, ,-3, ,
0, ,-3, ,
0, ,-3, ,
0, ,-3, ,
0, ,-3, ,
0, ,-3, ,
0, ,-3, ,
0, ,-3, ,
0, ,-3, ,
0, ,-3, ,
0, ,-3, ,
0, ,-3, ,
0, ,-3, ,
0, ,-3, ,
0, ,-3, ,
0, ,-3, ,
0, ,-3, ,
0, ,-3, ,
0, ,-3, ,
-1, ,-3, ,
0, ,-3, ,
-1, ,-3, ,
-1, ,-3, ,
-1, ,-3, ,
-1, ,-3, ,
-1, ,-3, ,
-1, ,-3, ,
-1, ,-3, ,
-1, ,-3, ,
-1, ,-3, ,
-1, ,-3, ,
-1, ,-3, ,
-1, ,-3, ,
-1, ,-3, ,
-1, ,-3, ,
-1, ,-3, ,
-1, ,-3, ,
-1, ,-3, ,
-1, ,-3, ,
-1, ,-3, ,
-1, ,-3, ,
-1, ,-3, ,
-2, ,-3, ,
-2, ,-3, ,
-2, ,-3, ,
-1, ,-3, ,
-1, ,-3, ,
-2, ,-3, ,
-2, ,-3, ,
-1, ,-3, ,
-1, ,-3, ,
-1, ,-3, ,
-1, ,-3, ,
-1, ,-3, ,
-1, ,-3, ,
-1, ,-3, ,
-1, ,-3, ,
-1, ,-3, ,
-1, ,-3, ,
-1, ,-3, ,
-1, ,-3, ,
-1, ,-3, ,
-1, ,-3, ,
-1, ,-3, ,
-1, ,-3, ,
-1, ,-3, ,
-1, ,-3, ,
-1, ,-3, ,
-1, ,-3, ,
-1, ,-3, ,
-1, ,-3, ,
-1, ,-3, ,
-1, ,-3, ,
-1, ,-3, ,
-1, ,-3, ,
-1, ,-3, ,
-1, ,-3, ,
-1, ,-3, ,
0, ,-3, ,
0, ,-3, ,
0, ,-3, ,
0, ,-3, ,
0, ,-3, ,
0, ,-3, ,
0, ,-3, ,
0, ,-3, ,
0, ,-3, ,
0, ,-3, ,
0, ,-3, ,
-1, ,-3, ,
0, ,-3, ,
1, ,-3, ,
0, ,-3, ,
0, ,-3, ,
0, ,-3, ,
0, ,-3, ,
0, ,-3, ,
0, ,-3, ,
0, ,-3, ,
0, ,-3, ,
0, ,-3, ,
1, ,-3, ,
1, ,-3, ,
0, ,-3, ,
0, ,-3, ,
0, ,-3, ,
0, ,-3, ,
0, ,-3, ,
0, ,-3, ,
0, ,-3, ,
0, ,-3, ,
0, ,-3, ,
0, ,-3, ,
0, ,-3, ,
0, ,-3, ,
0, ,-3, ,
0, ,-3, ,
0, ,-3, ,
0, ,-3, ,
0, ,-3, ,
0, ,-3, ,
1, ,-3, ,
0, ,-3, ,
0, ,-3, ,
0, ,-3, ,
0, ,-3, ,
0, ,-3, ,
0, ,-3, ,
0, ,-3, ,
0, ,-3, ,
0, ,-3, ,
0, ,-3, ,
0, ,-3, ,
0, ,-3, ,
1, ,-3, ,
0, ,-3, ,
0, ,-3, ,
0, ,-3, ,
0, ,-3, ,
0, ,-3, ,
0, ,-3, ,
0, ,-3, ,
0, ,-3, ,
0, ,-3, ,
0, ,-3, ,
-1, ,-3, ,
-1, ,-3, ,
0, ,-3, ,
0, ,-3, ,
0, ,-3, ,
0, ,-3, ,
0, ,-3, ,
0, ,-3, ,
0, ,-3, ,
0, ,-3, ,
-1, ,-3, ,
-1, ,-3, ,
-1, ,-3, ,
-1, ,-3, ,
-1, ,-3, ,
-1, ,-3, ,
0, ,-3, ,
-1, ,-3, ,
-1, ,-3, ,
0, ,-3, ,
-1, ,-3, ,
-1, ,-3, ,
0, ,-3, ,
-1, ,-3, ,
-1, ,-3, ,
-1, ,-3, ,
-1, ,-3, ,
-1, ,-3, ,
-1, ,-3, ,
-1, ,-3, ,
-1, ,-3, ,
-1, ,-3, ,
-1, ,-3, ,
-1, ,-3, ,
-1, ,-3, ,
-1, ,-3, ,
-1, ,-3, ,
-1, ,-3, ,
-1, ,-3, ,
-1, ,-3, ,
-1, ,-3, ,
-1, ,-3, ,
-1, ,-3, ,
-1, ,-3, ,
-1, ,-3, ,
-1, ,-3, ,
-1, ,-3, ,
-2, ,-3, ,
-5, ,-3, ,
-1, ,-3, ,
9, ,-3, ,
2, ,-3, ,
-6, ,-3, ,
-5, ,-3, ,
-4, ,-3, ,
0, ,-3, ,
1, ,-3, ,
-1, ,-3, ,
-1, ,-3, ,
-1, ,-3, ,
-1, ,-3, ,
0, ,-3, ,
0, ,-3, ,
0, ,-3, ,
0, ,-3, ,
0, ,-3, ,
0, ,-3, ,
0, ,-3, ,
0, ,-3, ,
0, ,-3, ,
0, ,-3, ,
0, ,-3, ,
-1, ,-3, ,
0, ,-3, ,
0, ,-3, ,
0, ,-3, ,
0, ,-3, ,
0, ,-3, ,
0, ,-3, ,
0, ,-3, ,
0, ,-3, ,
0, ,-3, ,
0, ,-3, ,
0, ,-3, ,
0, ,-3, ,
0, ,-3, ,
0, ,-3, ,
0, ,-3, ,
0, ,-3, ,
0, ,-3, ,
0, ,-3, ,
1, ,-3, ,
1, ,-3, ,
1, ,-3, ,
0, ,-3, ,
0, ,-3, ,
0, ,-3, ,
0, ,-3, ,
-1, ,-3, ,
-1, ,-3, ,
0, ,-3, ,
0, ,-3, ,
0, ,-3, ,
0, ,-3, ,
0, ,-3, ,
0, ,-3, ,
1, ,-3, ,
0, ,-3, ,
0, ,-3, ,
0, ,-3, ,
0, ,-3, ,
0, ,-3, ,
0, ,-3, ,
0, ,-3, ,
0, ,-3, ,
0, ,-3, ,
0, ,-3, ,
0, ,-3, ,
0, ,-3, ,
0, ,-3, ,
0, ,-3, ,
-1, ,-3, ,
0, ,-3, ,
0, ,-3, ,
0, ,-3, ,
-1, ,-3, ,
-1, ,-3, ,
0, ,-3, ,
0, ,-3, ,
0, ,-3, ,
0, ,-3, ,
0, ,-3, ,
-1, ,-3, ,
-1, ,-3, ,
2, ,-3, ,
1, ,-3, ,
-1, ,-3, ,
-1, ,-3, ,
-1, ,-3, ,
-2, ,-3, ,
-1, ,-3, ,
0, ,-3, ,
0, ,-3, ,
0, ,-3, ,
0, ,-3, ,
0, ,-3, ,
-1, ,-3, ,
-1, ,-3, ,
-1, ,-3, ,
-1, ,-3, ,
-1, ,-3, ,
-1, ,-3, ,
-1, ,-3, ,
-1, ,-3, ,
-1, ,-3, ,
0, ,-3, ,
-1, ,-3, ,
-1, ,-3, ,
0, ,-3, ,
-1, ,-3, ,
-1, ,-3, ,
-1, ,-3, ,
-1, ,-3, ,
-1, ,-3, ,
-1, ,-3, ,
-1, ,-3, ,
-1, ,-3, ,
0, ,-3, ,
-1, ,-3, ,
-1, ,-3, ,
0, ,-3, ,
0, ,-3, ,
0, ,-3, ,
0, ,-3, ,
0, ,-3, ,
0, ,-3, ,
-1, ,-3, ,
-1, ,-3, ,
-1, ,-3, ,
-1, ,-3, ,
0, ,-3, ,
-1, ,-3, ,
-1, ,-3, ,
0, ,-3, ,
0, ,-3, ,
0, ,-3, ,
0, ,-3, ,
0, ,-3, ,
0, ,-3, ,
0, ,-3, ,
0, ,-3, ,
0, ,-3, ,
0, ,-3, ,
0, ,-3, ,
0, ,-3, ,
0, ,-3, ,
0, ,-3, ,
0, ,-3, ,
0, ,-3, ,
0, ,-3, ,
0, ,-3, ,
0, ,-3, ,
0, ,-3, ,
0, ,-3, ,
0, ,-3, ,
0, ,-3, ,
0, ,-3, ,
0, ,-3, ,
0, ,-3, ,
0, ,-3, ,
0, ,-3, ,
0, ,-3, ,
0, ,-3, ,
0, ,-3, ,
0, ,-3, ,
0, ,-3, ,
0, ,-3, ,
0, ,-3, ,
0, ,-3, ,
0, ,-3, ,
0, ,-3, ,
0, ,-3, ,
0, ,-3, ,
0, ,-3, ,
0, ,-3, ,
0, ,-3, ,
0, ,-3, ,
0, ,-3, ,
0, ,-3, ,
0, ,-3, ,
0, ,-3, ,
0, ,-3, ,
0, ,-3, ,
0, ,-3, ,
0, ,-3, ,
0, ,-3, ,
0, ,-3, ,
0, ,-3, ,
-1, ,-3, ,
0, ,-3, ,
0, ,-3, ,
0, ,-3, ,
0, ,-3, ,
0, ,-3, ,
0, ,-3, ,
0, ,-3, ,
0, ,-3, ,
-1, ,-3, ,
-1, ,-3, ,
0, ,-3, ,
0, ,-3, ,
0, ,-3, ,
0, ,-3, ,
0, ,-3, ,
0, ,-3, ,
0, ,-3, ,
0, ,-3, ,
-1, ,-3, ,
-1, ,-3, ,
0, ,-3, ,
-1, ,-3, ,
-1, ,-3, ,
0, ,-3, ,
0, ,-3, ,
0, ,-3, ,
0, ,-3, ,
-1, ,-3, ,
-1, ,-3, ,
-1, ,-3, ,
1, ,-3, ,
0, ,-3, ,
0, ,-3, ,
0, ,-3, ,
-1, ,-3, ,
-2, ,-3, ,
-1, ,-3, ,
-1, ,-3, ,
-1, ,-3, ,
-1, ,-3, ,
0, ,-3, ,
0, ,-3, ,
-1, ,-3, ,
0, ,-3, ,
0, ,-3, ,
-1, ,-3, ,
0, ,-3, ,
-1, ,-3, ,
-1, ,-3, ,
-1, ,-3, ,
-1, ,-3, ,
0, ,-3, ,
0, ,-3, ,
0, ,-3, ,
0, ,-3, ,
0, ,-3, ,
0, ,-3, ,
0, ,-3, ,
-1, ,-3, ,
-1, ,-3, ,
-1, ,-3, ,
0, ,-3, ,
-1, ,-3, ,
0, ,-3, ,
0, ,-3, ,
0, ,-3, ,
0, ,-3, ,
0, ,-3, ,
0, ,-3, ,
0, ,-3, ,
0, ,-3, ,
0, ,-3, ,
0, ,-3, ,
0, ,-3, ,
0, ,-3, ,
0, ,-3, ,
0, ,-3, ,
0, ,-3, ,
0, ,-3, ,
0, ,-3, ,
0, ,-3, ,
0, ,-3, ,
0, ,-3, ,
0, ,-3, ,
0, ,-3, ,
0, ,-3, ,
0, ,-3, ,
0, ,-3, ,
0, ,-3, ,
0, ,-3, ,
0, ,-3, ,
0, ,-3, ,
0, ,-3, ,
0, ,-3, ,
0, ,-3, ,
0, ,-3, ,
-1, ,-3, ,
0, ,-3, ,
0, ,-3, ,
0, ,-3, ,
0, ,-3, ,
0, ,-3, ,
0, ,-3, ,
0, ,-3, ,
0, ,-3, ,
0, ,-3, ,
0, ,-3, ,
0, ,-3, ,
0, ,-3, ,
0, ,-3, ,
0, ,-3, ,
0, ,-3, ,
0, ,-3, ,
0, ,-3, ,
0, ,-3, ,
0, ,-3, ,
0, ,-3, ,
0, ,-3, ,
0, ,-3, ,
0, ,-3, ,
0, ,-3, ,
0, ,-3, ,
0, ,-3, ,
0, ,-3, ,
0, ,-3, ,
-1, ,-3, ,
-1, ,-3, ,
0, ,-3, ,
0, ,-3, ,
0, ,-3, ,
0, ,-3, ,
0, ,-3, ,
0, ,-3, ,
0, ,-3, ,
0, ,-3, ,
0, ,-3, ,
0, ,-3, ,
0, ,-3, ,
-1, ,-3, ,
-1, ,-3, ,
0, ,-3, ,
0, ,-3, ,
-1, ,-3, ,
-2, ,-3, ,
-1, ,-3, ,
4, ,-3, ,
5, ,-3, ,
-1, ,-3, ,
-6, ,-3, ,
-5, ,-3, ,
0, ,-3, ,
1, ,-3, ,
0, ,-3, ,
0, ,-3, ,
-1, ,-3, ,
0, ,-3, ,
0, ,-3, ,
0, ,-3, ,
0, ,-3, ,
0, ,-3, ,
0, ,-3, ,
0, ,-3, ,
0, ,-3, ,
0, ,-3, ,
0, ,-3, ,
0, ,-3, ,
0, ,-3, ,
0, ,-3, ,
0, ,-3, ,
0, ,-3, ,
-1, ,-3, ,
0, ,-3, ,
0, ,-3, ,
0, ,-3, ,
0, ,-3, ,
-1, ,-3, ,
-1, ,-3, ,
0, ,-3, ,
0, ,-3, ,
0, ,-3, ,
0, ,-3, ,
0, ,-3, ,
-1, ,-3, ,
-1, ,-3, ,
-1, ,-3, ,
0, ,-3, ,
-1, ,-3, ,
-2, ,-3, ,
-1, ,-3, ,
4, ,-3, ,
2, ,-3, ,
-1, ,-3, ,
-4, ,-3, ,
-4, ,-3, ,
1, ,-3, ,
1, ,-3, ,
-1, ,-3, ,
-2, ,-3, ,
-2, ,-3, ,
0, ,-3, ,
1, ,-3, ,
0, ,-3, ,
0, ,-3, ,
-1, ,-3, ,
-1, ,-3, ,
-1, ,-3, ,
1, ,-3, ,
2, ,-3, ,
1, ,-3, ,
-1, ,-3, ,
-4, ,-3, ,
-2, ,-3, ,
-1, ,-3, ,
0, ,-3, ,
0, ,-3, ,
0, ,-3, ,
0, ,-3, ,
0, ,-3, ,
0, ,-3, ,
0, ,-3, ,
0, ,-3, ,
0, ,-3, ,
0, ,-3, ,
-1, ,-3, ,
0, ,-3, ,
0, ,-3, ,
-1, ,-3, ,
0, ,-3, ,
0, ,-3, ,
0, ,-3, ,
0, ,-3, ,
0, ,-3, ,
0, ,-3, ,
0, ,-3, ,
0, ,-3, ,
-1, ,-3, ,
-1, ,-3, ,
0, ,-3, ,
0, ,-3, ,
0, ,-3, ,
0, ,-3, ,
0, ,-3, ,
-1, ,-3, ,
-1, ,-3, ,
0, ,-3, ,
0, ,-3, ,
0, ,-3, ,
0, ,-3, ,
0, ,-3, ,
0, ,-3, ,
-1, ,-3, ,
-1, ,-3, ,
0, ,-3, ,
0, ,-3, ,
0, ,-3, ,
0, ,-3, ,
0, ,-3, ,
0, ,-3, ,
0, ,-3, ,
0, ,-3, ,
0, ,-3, ,
0, ,-3, ,
0, ,-3, ,
-1, ,-3, ,
0, ,-3, ,
0, ,-3, ,
0, ,-3, ,
0, ,-3, ,
0, ,-3, ,
0, ,-3, ,
0, ,-3, ,
-1, ,-3, ,
0, ,-3, ,
0, ,-3, ,
-1, ,-3, ,
0, ,-3, ,
0, ,-3, ,
0, ,-3, ,
0, ,-3, ,
0, ,-3, ,
0, ,-3, ,
0, ,-3, ,
0, ,-3, ,
0, ,-3, ,
0, ,-3, ,
0, ,-3, ,
0, ,-3, ,
0, ,-3, ,
0, ,-3, ,
0, ,-3, ,
0, ,-3, ,
0, ,-3, ,
0, ,-3, ,
0, ,-3, ,
0, ,-3, ,
0, ,-3, ,
0, ,-3, ,
0, ,-3, ,
0, ,-3, ,
-1, ,-3, ,
0, ,-3, ,
0, ,-3, ,
-2, ,-3, ,
-4, ,-3, ,
2, ,-3, ,
7, ,-3, ,
0, ,-3, ,
-7, ,-3, ,
-4, ,-3, ,
1, ,-3, ,
0, ,-3, ,
0, ,-3, ,
0, ,-3, ,
0, ,-3, ,
0, ,-3, ,
0, ,-3, ,
0, ,-3, ,
0, ,-3, ,
0, ,-3, ,
0, ,-3, ,
0, ,-3, ,
0, ,-3, ,
0, ,-3, ,
0, ,-3, ,
-1, ,-3, ,
-1, ,-3, ,
-1, ,-3, ,
0, ,-3, ,
0, ,-3, ,
0, ,-3, ,
0, ,-3, ,
0, ,-3, ,
0, ,-3, ,
0, ,-3, ,
0, ,-3, ,
0, ,-3, ,
0, ,-3, ,
0, ,-3, ,
0, ,-3, ,
0, ,-3, ,
-1, ,-3, ,
-4, ,-3, ,
0, ,-3, ,
9, ,-3, ,
4, ,-3, ,
-10, ,-3, ,
-7, ,-3, ,
1, ,-3, ,
1, ,-3, ,
0, ,-3, ,
0, ,-3, ,
0, ,-3, ,
0, ,-3, ,
0, ,-3, ,
-1, ,-3, ,
0, ,-3, ,
0, ,-3, ,
0, ,-3, ,
0, ,-3, ,
0, ,-3, ,
0, ,-3, ,
0, ,-3, ,
0, ,-3, ,
0, ,-3, ,
0, ,-3, ,
-1, ,-3, ,
0, ,-3, ,
0, ,-3, ,
0, ,-3, ,
0, ,-3, ,
0, ,-3, ,
0, ,-3, ,
0, ,-3, ,
0, ,-3, ,
0, ,-3, ,
0, ,-3, ,
-2, ,-3, ,
-4, ,-3, ,
2, ,-3, ,
11, ,-3, ,
0, ,-3, ,
-13, ,-3, ,
-6, ,-3, ,
6, ,-3, ,
0, ,-3, ,
0, ,-3, ,
0, ,-3, ,
0, ,-3, ,
0, ,-3, ,
0, ,-3, ,
-1, ,-3, ,
-1, ,-3, ,
0, ,-3, ,
-1, ,-3, ,
-1, ,-3, ,
0, ,-3, ,
0, ,-3, ,
0, ,-3, ,
0, ,-3, ,
0, ,-3, ,
-1, ,-3, ,
0, ,-3, ,
0, ,-3, ,
-1, ,-3, ,
0, ,-3, ,
0, ,-3, ,
0, ,-3, ,
0, ,-3, ,
0, ,-3, ,
0, ,-3, ,
0, ,-3, ,
-1, ,-3, ,
-1, ,-3, ,
0, ,-3, ,
0, ,-3, ,
-1, ,-3, ,
-1, ,-3, ,
0, ,-3, ,
0, ,-3, ,
0, ,-3, ,
0, ,-3, ,
-1, ,-3, ,
-1, ,-3, ,
-1, ,-3, ,
0, ,-3, ,
0, ,-3, ,
0, ,-3, ,
-1, ,-3, ,
0, ,-3, ,
0, ,-3, ,
-1, ,-3, ,
-1, ,-3, ,
-1, ,-3, ,
-2, ,-3, ,
-2, ,-3, ,
2, ,-3, ,
4, ,-3, ,
-4, ,-3, ,
-5, ,-3, ,
0, ,-3, ,
1, ,-3, ,
0, ,-3, ,
-1, ,-3, ,
-1, ,-3, ,
0, ,-3, ,
0, ,-3, ,
0, ,-3, ,
0, ,-3, ,
-1, ,-3, ,
-1, ,-3, ,
0, ,-3, ,
0, ,-3, ,
0, ,-3, ,
-1, ,-3, ,
-1, ,-3, ,
0, ,-3, ,
0, ,-3, ,
0, ,-3, ,
0, ,-3, ,
-1, ,-3, ,
-1, ,-3, ,
-1, ,-3, ,
0, ,-3, ,
0, ,-3, ,
0, ,-3, ,
0, ,-3, ,
-1, ,-3, ,
-1, ,-3, ,
0, ,-3, ,
0, ,-3, ,
0, ,-3, ,
-1, ,-3, ,
0, ,-3, ,
0, ,-3, ,
0, ,-3, ,
0, ,-3, ,
0, ,-3, ,
0, ,-3, ,
0, ,-3, ,
0, ,-3, ,
0, ,-3, ,
0, ,-3, ,
-1, ,-3, ,
0, ,-3, ,
0, ,-3, ,
-1, ,-3, ,
-1, ,-3, ,
0, ,-3, ,
0, ,-3, ,
0, ,-3, ,
0, ,-3, ,
0, ,-3, ,
0, ,-3, ,
0, ,-3, ,
0, ,-3, ,
0, ,-3, ,
0, ,-3, ,
0, ,-3, ,
0, ,-3, ,
0, ,-3, ,
0, ,-3, ,
-1, ,-3, ,
0, ,-3, ,
0, ,-3, ,
-1, ,-3, ,
-1, ,-3, ,
-1, ,-3, ,
0, ,-3, ,
0, ,-3, ,
0, ,-3, ,
0, ,-3, ,
-1, ,-3, ,
-1, ,-3, ,
0, ,-3, ,
0, ,-3, ,
-1, ,-3, ,
-1, ,-3, ,
-1, ,-3, ,
0, ,-3, ,
-1, ,-3, ,
-1, ,-3, ,
0, ,-3, ,
1, ,-3, ,
-1, ,-3, ,
-4, ,-3, ,
0, ,-3, ,
0, ,-3, ,
0, ,-3, ,
0, ,-3, ,
0, ,-3, ,
0, ,-3, ,
0, ,-3, ,
0, ,-3, ,
0, ,-3, ,
0, ,-3, ,
0, ,-3, ,
-1, ,-3, ,
-1, ,-3, ,
-1, ,-3, ,
-1, ,-3, ,
0, ,-3, ,
0, ,-3, ,
-1, ,-3, ,
-1, ,-3, ,
-1, ,-3, ,
-1, ,-3, ,
-1, ,-3, ,
0, ,-3, ,
1, ,-3, ,
1, ,-3, ,
0, ,-3, ,
-1, ,-3, ,
-1, ,-3, ,
0, ,-3, ,
0, ,-3, ,
0, ,-3, ,
0, ,-3, ,
-1, ,-3, ,
-1, ,-3, ,
-1, ,-3, ,
0, ,-3, ,
0, ,-3, ,
0, ,-3, ,
0, ,-3, ,
0, ,-3, ,
-1, ,-3, ,
-1, ,-3, ,
0, ,-3, ,
0, ,-3, ,
0, ,-3, ,
0, ,-3, ,
0, ,-3, ,
0, ,-3, ,
0, ,-3, ,
0, ,-3, ,
0, ,-3, ,
0, ,-3, ,
0, ,-3, ,
-1, ,-3, ,
-1, ,-3, ,
0, ,-3, ,
0, ,-3, ,
0, ,-3, ,
0, ,-3, ,
0, ,-3, ,
0, ,-3, ,
0, ,-3, ,
0, ,-3, ,
0, ,-3, ,
0, ,-3, ,
0, ,-3, ,
0, ,-3, ,
0, ,-3, ,
0, ,-3, ,
-1, ,-3, ,
0, ,-3, ,
0, ,-3, ,
0, ,-3, ,
0, ,-3, ,
0, ,-3, ,
0, ,-3, ,
0, ,-3, ,
0, ,-3, ,
0, ,-3, ,
0, ,-3, ,
0, ,-3, ,
0, ,-3, ,
0, ,-3, ,
0, ,-3, ,
0, ,-3, ,
0, ,-3, ,
0, ,-3, ,
0, ,-3, ,
0, ,-3, ,
0, ,-3, ,
0, ,-3, ,
0, ,-3, ,
0, ,-3, ,
0, ,-3, ,
0, ,-3, ,
0, ,-3, ,
0, ,-3, ,
-1, ,-3, ,
-1, ,-3, ,
0, ,-3, ,
0, ,-3, ,
0, ,-3, ,
0, ,-3, ,
0, ,-3, ,
-1, ,-3, ,
-1, ,-3, ,
0, ,-3, ,
0, ,-3, ,
0, ,-3, ,
0, ,-3, ,
0, ,-3, ,
0, ,-3, ,
0, ,-3, ,
0, ,-3, ,
0, ,-3, ,
0, ,-3, ,
0, ,-3, ,
-1, ,-3, ,
-1, ,-3, ,
0, ,-3, ,
0, ,-3, ,
0, ,-3, ,
0, ,-3, ,
0, ,-3, ,
0, ,-3, ,
0, ,-3, ,
0, ,-3, ,
0, ,-3, ,
-1, ,-3, ,
0, ,-3, ,
0, ,-3, ,
0, ,-3, ,
0, ,-3, ,
0, ,-3, ,
0, ,-3, ,
0, ,-3, ,
0, ,-3, ,
0, ,-3, ,
-1, ,-3, ,
0, ,-3, ,
0, ,-3, ,
0, ,-3, ,
0, ,-3, ,
0, ,-3, ,
-1, ,-3, ,
-1, ,-3, ,
-1, ,-3, ,
-1, ,-3, ,
-1, ,-3, ,
0, ,-3, ,
0, ,-3, ,
0, ,-3, ,
0, ,-3, ,
0, ,-3, ,
0, ,-3, ,
0, ,-3, ,
0, ,-3, ,
0, ,-3, ,
0, ,-3, ,
0, ,-3, ,
-1, ,-3, ,
-1, ,-3, ,
0, ,-3, ,
0, ,-3, ,
0, ,-3, ,
0, ,-3, ,
0, ,-3, ,
0, ,-3, ,
-1, ,-3, ,
-1, ,-3, ,
0, ,-3, ,
0, ,-3, ,
0, ,-3, ,
0, ,-3, ,
0, ,-3, ,
0, ,-3, ,
0, ,-3, ,
0, ,-3, ,
0, ,-3, ,
0, ,-3, ,
0, ,-3, ,
0, ,-3, ,
0, ,-3, ,
0, ,-3, ,
0, ,-3, ,
0, ,-3, ,
-1, ,-3, ,
-1, ,-3, ,
-1, ,-3, ,
0, ,-3, ,
0, ,-3, ,
0, ,-3, ,
0, ,-3, ,
0, ,-3, ,
0, ,-3, ,
0, ,-3, ,
0, ,-3, ,
0, ,-3, ,
0, ,-3, ,
0, ,-3, ,
-1, ,-3, ,
0, ,-3, ,
-1, ,-3, ,
-1, ,-3, ,
0, ,-3, ,
-1, ,-3, ,
0, ,-3, ,
0, ,-3, ,
0, ,-3, ,
0, ,-3, ,
0, ,-3, ,
0, ,-3, ,
0, ,-3, ,
0, ,-3, ,
0, ,-3, ,
0, ,-3, ,
0, ,-3, ,
-1, ,-3, ,
-1, ,-3, ,
0, ,-3, ,
0, ,-3, ,
0, ,-3, ,
0, ,-3, ,
-1, ,-3, ,
-1, ,-3, ,
-1, ,-3, ,
-1, ,-3, ,
0, ,-3, ,
0, ,-3, ,
0, ,-3, ,
0, ,-3, ,
0, ,-3, ,
0, ,-3, ,
0, ,-3, ,
0, ,-3, ,
0, ,-3, ,
-1, ,-3, ,
-1, ,-3, ,
-1, ,-3, ,
0, ,-3, ,
0, ,-3, ,
0, ,-3, ,
0, ,-3, ,
0, ,-3, ,
-1, ,-3, ,
0, ,-3, ,
0, ,-3, ,
0, ,-3, ,
-1, ,-3, ,
-1, ,-3, ,
-1, ,-3, ,
-1, ,-3, ,
-1, ,-3, ,
-1, ,-3, ,
0, ,-3, ,
0, ,-3, ,
0, ,-3, ,
0, ,-3, ,
0, ,-3, ,
0, ,-3, ,
-1, ,-3, ,
0, ,-3, ,
0, ,-3, ,
0, ,-3, ,
0, ,-3, ,
0, ,-3, ,
-1, ,-3, ,
-1, ,-3, ,
-1, ,-3, ,
-1, ,-3, ,
0, ,-3, ,
1, ,-3, ,
0, ,-3, ,
-2, ,-3, ,
-1, ,-3, ,
0, ,-3, ,
0, ,-3, ,
-1, ,-3, ,
0, ,-3, ,
1, ,-3, ,
0, ,-3, ,
-2, ,-3, ,
-2, ,-3, ,
4, ,-3, ,
4, ,-3, ,
-4, ,-3, ,
-5, ,-3, ,
0, ,-3, ,
1, ,-3, ,
1, ,-3, ,
1, ,-3, ,
-1, ,-3, ,
-2, ,-3, ,
-1, ,-3, ,
0, ,-3, ,
-1, ,-3, ,
-1, ,-3, ,
0, ,-3, ,
0, ,-3, ,
0, ,-3, ,
0, ,-3, ,
-1, ,-3, ,
0, ,-3, ,
0, ,-3, ,
0, ,-3, ,
-1, ,-3, ,
-1, ,-3, ,
0, ,-3, ,
0, ,-3, ,
0, ,-3, ,
0, ,-3, ,
0, ,-3, ,
0, ,-3, ,
0, ,-3, ,
0, ,-3, ,
-1, ,-3, ,
-1, ,-3, ,
-1, ,-3, ,
0, ,-3, ,
0, ,-3, ,
0, ,-3, ,
0, ,-3, ,
0, ,-3, ,
0, ,-3, ,
0, ,-3, ,
0, ,-3, ,
0, ,-3, ,
0, ,-3, ,
0, ,-3, ,
0, ,-3, ,
0, ,-3, ,
-1, ,-3, ,
-1, ,-3, ,
-1, ,-3, ,
0, ,-3, ,
0, ,-3, ,
0, ,-3, ,
0, ,-3, ,
-1, ,-3, ,
-1, ,-3, ,
-1, ,-3, ,
-1, ,-3, ,
0, ,-3, ,
0, ,-3, ,
0, ,-3, ,
0, ,-3, ,
0, ,-3, ,
0, ,-3, ,
0, ,-3, ,
0, ,-3, ,
0, ,-3, ,
0, ,-3, ,
0, ,-3, ,
0, ,-3, ,
0, ,-3, ,
0, ,-3, ,
-1, ,-3, ,
0, ,-3, ,
0, ,-3, ,
-1, ,-3, ,
0, ,-3, ,
0, ,-3, ,
0, ,-3, ,
0, ,-3, ,
-1, ,-3, ,
-1, ,-3, ,
-1, ,-3, ,
0, ,-3, ,
0, ,-3, ,
0, ,-3, ,
-1, ,-3, ,
0, ,-3, ,
0, ,-3, ,
0, ,-3, ,
0, ,-3, ,
0, ,-3, ,
0, ,-3, ,
0, ,-3, ,
0, ,-3, ,
0, ,-3, ,
0, ,-3, ,
0, ,-3, ,
0, ,-3, ,
-1, ,-3, ,
0, ,-3, ,
-1, ,-3, ,
-1, ,-3, ,
0, ,-3, ,
0, ,-3, ,
0, ,-3, ,
0, ,-3, ,
0, ,-3, ,
0, ,-3, ,
-1, ,-3, ,
-1, ,-3, ,
0, ,-3, ,
1, ,-3, ,
0, ,-3, ,
-2, ,-3, ,
-1, ,-3, ,
0, ,-3, ,
0, ,-3, ,
0, ,-3, ,
0, ,-3, ,
0, ,-3, ,
0, ,-3, ,
0, ,-3, ,
0, ,-3, ,
0, ,-3, ,
0, ,-3, ,
0, ,-3, ,
0, ,-3, ,
0, ,-3, ,
-1, ,-3, ,
-1, ,-3, ,
0, ,-3, ,
0, ,-3, ,
0, ,-3, ,
-1, ,-3, ,
0, ,-3, ,
0, ,-3, ,
0, ,-3, ,
0, ,-3, ,
0, ,-3, ,
0, ,-3, ,
0, ,-3, ,
0, ,-3, ,
0, ,-3, ,
0, ,-3, ,
0, ,-3, ,
0, ,-3, ,
0, ,-3, ,
0, ,-3, ,
0, ,-3, ,
0, ,-3, ,
0, ,-3, ,
0, ,-3, ,
0, ,-3, ,
0, ,-3, ,
0, ,-3, ,
0, ,-3, ,
0, ,-3, ,
0, ,-3, ,
0, ,-3, ,
0, ,-3, ,
0, ,-3, ,
-1, ,-3, ,
-1, ,-3, ,
-1, ,-3, ,
-1, ,-3, ,
-1, ,-3, ,
0, ,-3, ,
0, ,-3, ,
0, ,-3, ,
0, ,-3, ,
0, ,-3, ,
0, ,-3, ,
0, ,-3, ,
0, ,-3, ,
0, ,-3, ,
0, ,-3, ,
-1, ,-3, ,
0, ,-3, ,
0, ,-3, ,
0, ,-3, ,
0, ,-3, ,
0, ,-3, ,
0, ,-3, ,
0, ,-3, ,
0, ,-3, ,
0, ,-3, ,
0, ,-3, ,
0, ,-3, ,
0, ,-3, ,
0, ,-3, ,
0, ,-3, ,
0, ,-3, ,
0, ,-3, ,
0, ,-3, ,
0, ,-3, ,
0, ,-3, ,
0, ,-3, ,
0, ,-3, ,
0, ,-3, ,
0, ,-3, ,
0, ,-3, ,
0, ,-3, ,
0, ,-3, ,
0, ,-3, ,
0, ,-3, ,
0, ,-3, ,
0, ,-3, ,
0, ,-3, ,
0, ,-3, ,
0, ,-3, ,
0, ,-3, ,
0, ,-3, ,
0, ,-3, ,
0, ,-3, ,
0, ,-3, ,
0, ,-3, ,
0, ,-3, ,
0, ,-3, ,
-1, ,-3, ,
-1, ,-3, ,
0, ,-3, ,
1, ,-3, ,
1, ,-3, ,
-1, ,-3, ,
-1, ,-3, ,
-1, ,-3, ,
0, ,-3, ,
0, ,-3, ,
0, ,-3, ,
0, ,-3, ,
0, ,-3, ,
0, ,-3, ,
0, ,-3, ,
0, ,-3, ,
0, ,-3, ,
0, ,-3, ,
0, ,-3, ,
0, ,-3, ,
0, ,-3, ,
0, ,-3, ,
0, ,-3, ,
0, ,-3, ,
0, ,-3, ,
0, ,-3, ,
0, ,-3, ,
0, ,-3, ,
0, ,-3, ,
0, ,-3, ,
0, ,-3, ,
0, ,-3, ,
0, ,-3, ,
0, ,-3, ,
0, ,-3, ,
0, ,-3, ,
0, ,-3, ,
0, ,-3, ,
0, ,-3, ,
0, ,-3, ,
0, ,-3, ,
0, ,-3, ,
0, ,-3, ,
0, ,-3, ,
0, ,-3, ,
-1, ,-3, ,
-1, ,-3, ,
0, ,-3, ,
0, ,-3, ,
0, ,-3, ,
0, ,-3, ,
0, ,-3, ,
0, ,-3, ,
0, ,-3, ,
0, ,-3, ,
0, ,-3, ,
0, ,-3, ,
0, ,-3, ,
0, ,-3, ,
0, ,-3, ,
-1, ,-3, ,
-1, ,-3, ,
0, ,-3, ,
0, ,-3, ,
0, ,-3, ,
0, ,-3, ,
0, ,-3, ,
0, ,-3, ,
0, ,-3, ,
0, ,-3, ,
-1, ,-3, ,
-1, ,-3, ,
-1, ,-3, ,
0, ,-3, ,
0, ,-3, ,
0, ,-3, ,
0, ,-3, ,
0, ,-3, ,
0, ,-3, ,
0, ,-3, ,
-1, ,-3, ,
-2, ,-3, ,
-1, ,-3, ,
0, ,-3, ,
0, ,-3, ,
0, ,-3, ,
0, ,-3, ,
0, ,-3, ,
0, ,-3, ,
0, ,-3, ,
0, ,-3, ,
0, ,-3, ,
0, ,-3, ,
0, ,-3, ,
0, ,-3, ,
-1, ,-3, ,
0, ,-3, ,
0, ,-3, ,
0, ,-3, ,
0, ,-3, ,
0, ,-3, ,
0, ,-3, ,
0, ,-3, ,
0, ,-3, ,
0, ,-3, ,
0, ,-3, ,
0, ,-3, ,
0, ,-3, ,
0, ,-3, ,
0, ,-3, ,
0, ,-3, ,
0, ,-3, ,
0, ,-3, ,
0, ,-3, ,
0, ,-3, ,
0, ,-3, ,
0, ,-3, ,
0, ,-3, ,
0, ,-3, ,
0, ,-3, ,
0, ,-3, ,
0, ,-3, ,
0, ,-3, ,
0, ,-3, ,
0, ,-3, ,
0, ,-3, ,
0, ,-3, ,
0, ,-3, ,
-1, ,-3, ,
-1, ,-3, ,
-2, ,-3, ,
-1, ,-3, ,
2, ,-3, ,
1, ,-3, ,
-4, ,-3, ,
-4, ,-3, ,
2, ,-3, ,
1, ,-3, ,
-1, ,-3, ,
-1, ,-3, ,
-1, ,-3, ,
0, ,-3, ,
0, ,-3, ,
0, ,-3, ,
0, ,-3, ,
0, ,-3, ,
-1, ,-3, ,
0, ,-3, ,
0, ,-3, ,
0, ,-3, ,
0, ,-3, ,
-1, ,-3, ,
-1, ,-3, ,
1, ,-3, ,
1, ,-3, ,
-4, ,-3, ,
-5, ,-3, ,
1, ,-3, ,
1, ,-3, ,
0, ,-3, ,
0, ,-3, ,
-1, ,-3, ,
-1, ,-3, ,
0, ,-3, ,
2, ,-3, ,
-1, ,-3, ,
-4, ,-3, ,
-1, ,-3, ,
0, ,-3, ,
0, ,-3, ,
-1, ,-3, ,
-1, ,-3, ,
0, ,-3, ,
0, ,-3, ,
0, ,-3, ,
0, ,-3, ,
0, ,-3, ,
0, ,-3, ,
0, ,-3, ,
-1, ,-3, ,
-1, ,-3, ,
-1, ,-3, ,
0, ,-3, ,
0, ,-3, ,
0, ,-3, ,
0, ,-3, ,
0, ,-3, ,
-1, ,-3, ,
-1, ,-3, ,
-1, ,-3, ,
0, ,-3, ,
0, ,-3, ,
0, ,-3, ,
0, ,-3, ,
0, ,-3, ,
-1, ,-3, ,
-1, ,-3, ,
-1, ,-3, ,
0, ,-3, ,
0, ,-3, ,
0, ,-3, ,
0, ,-3, ,
0, ,-3, ,
0, ,-3, ,
0, ,-3, ,
0, ,-3, ,
0, ,-3, ,
0, ,-3, ,
0, ,-3, ,
0, ,-3, ,
0, ,-3, ,
0, ,-3, ,
0, ,-3, ,
0, ,-3, ,
0, ,-3, ,
0, ,-3, ,
0, ,-3, ,
0, ,-3, ,
-1, ,-3, ,
-1, ,-3, ,
0, ,-3, ,
0, ,-3, ,
-1, ,-3, ,
-1, ,-3, ,
-1, ,-3, ,
-1, ,-3, ,
0, ,-3, ,
0, ,-3, ,
0, ,-3, ,
0, ,-3, ,
0, ,-3, ,
0, ,-3, ,
0, ,-3, ,
0, ,-3, ,
-1, ,-3, ,
-1, ,-3, ,
-1, ,-3, ,
-1, ,-3, ,
-1, ,-3, ,
0, ,-3, ,
0, ,-3, ,
0, ,-3, ,
0, ,-3, ,
0, ,-3, ,
0, ,-3, ,
0, ,-3, ,
0, ,-3, ,
0, ,-3, ,
0, ,-3, ,
0, ,-3, ,
0, ,-3, ,
0, ,-3, ,
0, ,-3, ,
0, ,-3, ,
0, ,-3, ,
0, ,-3, ,
-1, ,-3, ,
-1, ,-3, ,
0, ,-3, ,
0, ,-3, ,
0, ,-3, ,
-1, ,-3, ,
-1, ,-3, ,
-1, ,-3, ,
0, ,-3, ,
0, ,-3, ,
0, ,-3, ,
0, ,-3, ,
0, ,-3, ,
0, ,-3, ,
0, ,-3, ,
0, ,-3, ,
0, ,-3, ,
-1, ,-3, ,
-1, ,-3, ,
-1, ,-3, ,
0, ,-3, ,
0, ,-3, ,
0, ,-3, ,
0, ,-3, ,
0, ,-3, ,
0, ,-3, ,
0, ,-3, ,
0, ,-3, ,
0, ,-3, ,
0, ,-3, ,
0, ,-3, ,
0, ,-3, ,
0, ,-3, ,
0, ,-3, ,
0, ,-3, ,
0, ,-3, ,
0, ,-3, ,
0, ,-3, ,
0, ,-3, ,
0, ,-3, ,
0, ,-3, ,
-1, ,-3, ,
0, ,-3, ,
-1, ,-3, ,
-1, ,-3, ,
0, ,-3, ,
0, ,-3, ,
0, ,-3, ,
0, ,-3, ,
0, ,-3, ,
0, ,-3, ,
0, ,-3, ,
0, ,-3, ,
-1, ,-3, ,
-1, ,-3, ,
-1, ,-3, ,
0, ,-3, ,
0, ,-3, ,
0, ,-3, ,
-1, ,-3, ,
0, ,-3, ,
0, ,-3, ,
0, ,-3, ,
0, ,-3, ,
0, ,-3, ,
-1, ,-3, ,
-1, ,-3, ,
0, ,-3, ,
0, ,-3, ,
0, ,-3, ,
0, ,-3, ,
-1, ,-3, ,
-1, ,-3, ,
-1, ,-3, ,
0, ,-3, ,
0, ,-3, ,
0, ,-3, ,
0, ,-3, ,
0, ,-3, ,
0, ,-3, ,
0, ,-3, ,
0, ,-3, ,
-1, ,-3, ,
-1, ,-3, ,
0, ,-3, ,
0, ,-3, ,
0, ,-3, ,
-1, ,-3, ,
-1, ,-3, ,
-1, ,-3, ,
0, ,-3, ,
-1, ,-3, ,
0, ,-3, ,
0, ,-3, ,
0, ,-3, ,
0, ,-3, ,
0, ,-3, ,
0, ,-3, ,
0, ,-3, ,
0, ,-3, ,
-1, ,-3, ,
0, ,-3, ,
0, ,-3, ,
0, ,-3, ,
0, ,-3, ,
0, ,-3, ,
0, ,-3, ,
-1, ,-3, ,
-1, ,-3, ,
0, ,-3, ,
0, ,-3, ,
-1, ,-3, ,
0, ,-3, ,
0, ,-3, ,
-1, ,-3, ,
0, ,-3, ,
0, ,-3, ,
0, ,-3, ,
0, ,-3, ,
0, ,-3, ,
0, ,-3, ,
0, ,-3, ,
0, ,-3, ,
0, ,-3, ,
0, ,-3, ,
0, ,-3, ,
0, ,-3, ,
0, ,-3, ,
-1, ,-3, ,
-1, ,-3, ,
1, ,-3, ,
1, ,-3, ,
-2, ,-3, ,
-4, ,-3, ,
0, ,-3, ,
1, ,-3, ,
0, ,-3, ,
0, ,-3, ,
0, ,-3, ,
0, ,-3, ,
0, ,-3, ,
0, ,-3, ,
-1, ,-3, ,
0, ,-3, ,
0, ,-3, ,
0, ,-3, ,
0, ,-3, ,
0, ,-3, ,
0, ,-3, ,
0, ,-3, ,
-1, ,-3, ,
0, ,-3, ,
0, ,-3, ,
0, ,-3, ,
0, ,-3, ,
-1, ,-3, ,
0, ,-3, ,
0, ,-3, ,
0, ,-3, ,
0, ,-3, ,
0, ,-3, ,
0, ,-3, ,
0, ,-3, ,
0, ,-3, ,
0, ,-3, ,
0, ,-3, ,
0, ,-3, ,
0, ,-3, ,
0, ,-3, ,
0, ,-3, ,
0, ,-3, ,
0, ,-3, ,
0, ,-3, ,
0, ,-3, ,
-1, ,-3, ,
0, ,-3, ,
0, ,-3, ,
0, ,-3, ,
-1, ,-3, ,
0, ,-3, ,
0, ,-3, ,
0, ,-3, ,
0, ,-3, ,
0, ,-3, ,
0, ,-3, ,
0, ,-3, ,
0, ,-3, ,
0, ,-3, ,
0, ,-3, ,
0, ,-3, ,
0, ,-3, ,
0, ,-3, ,
0, ,-3, ,
0, ,-3, ,
-1, ,-3, ,
-1, ,-3, ,
0, ,-3, ,
-1, ,-3, ,
-1, ,-3, ,
0, ,-3, ,
0, ,-3, ,
-1, ,-3, ,
0, ,-3, ,
0, ,-3, ,
0, ,-3, ,
0, ,-3, ,
0, ,-3, ,
0, ,-3, ,
0, ,-3, ,
0, ,-3, ,
0, ,-3, ,
0, ,-3, ,
0, ,-3, ,
0, ,-3, ,
0, ,-3, ,
0, ,-3, ,
0, ,-3, ,
0, ,-3, ,
-1, ,-3, ,
-1, ,-3, ,
-1, ,-3, ,
-1, ,-3, ,
0, ,-3, ,
0, ,-3, ,
0, ,-3, ,
0, ,-3, ,
0, ,-3, ,
0, ,-3, ,
0, ,-3, ,
0, ,-3, ,
0, ,-3, ,
0, ,-3, ,
0, ,-3, ,
0, ,-3, ,
0, ,-3, ,
0, ,-3, ,
0, ,-3, ,
0, ,-3, ,
0, ,-3, ,
0, ,-3, ,
0, ,-3, ,
0, ,-3, ,
-1, ,-3, ,
0, ,-3, ,
0, ,-3, ,
0, ,-3, ,
0, ,-3, ,
-1, ,-3, ,
0, ,-3, ,
0, ,-3, ,
0, ,-3, ,
-1, ,-3, ,
0, ,-3, ,
0, ,-3, ,
0, ,-3, ,
0, ,-3, ,
0, ,-3, ,
0, ,-3, ,
0, ,-3, ,
0, ,-3, ,
0, ,-3, ,
-1, ,-3, ,
0, ,-3, ,
0, ,-3, ,
0, ,-3, ,
0, ,-3, ,
0, ,-3, ,
0, ,-3, ,
0, ,-3, ,
0, ,-3, ,
0, ,-3, ,
0, ,-3, ,
0, ,-3, ,
0, ,-3, ,
-1, ,-3, ,
-1, ,-3, ,
0, ,-3, ,
0, ,-3, ,
0, ,-3, ,
0, ,-3, ,
0, ,-3, ,
0, ,-3, ,
-1, ,-3, ,
0, ,-3, ,
0, ,-3, ,
0, ,-3, ,
-1, ,-3, ,
0, ,-3, ,
0, ,-3, ,
0, ,-3, ,
0, ,-3, ,
0, ,-3, ,
0, ,-3, ,
0, ,-3, ,
0, ,-3, ,
0, ,-3, ,
0, ,-3, ,
0, ,-3, ,
0, ,-3, ,
0, ,-3, ,
-1, ,-3, ,
-1, ,-3, ,
-1, ,-3, ,
0, ,-3, ,
0, ,-3, ,
0, ,-3, ,
0, ,-3, ,
-1, ,-3, ,
-1, ,-3, ,
0, ,-3, ,
0, ,-3, ,
0, ,-3, ,
0, ,-3, ,
0, ,-3, ,
0, ,-3, ,
0, ,-3, ,
0, ,-3, ,
0, ,-3, ,
-1, ,-3, ,
-1, ,-3, ,
0, ,-3, ,
0, ,-3, ,
0, ,-3, ,
0, ,-3, ,
0, ,-3, ,
0, ,-3, ,
0, ,-3, ,
0, ,-3, ,
0, ,-3, ,
-1, ,-3, ,
0, ,-3, ,
0, ,-3, ,
0, ,-3, ,
0, ,-3, ,
0, ,-3, ,
-1, ,-3, ,
0, ,-3, ,
0, ,-3, ,
0, ,-3, ,
-1, ,-3, ,
0, ,-3, ,
0, ,-3, ,
0, ,-3, ,
0, ,-3, ,
0, ,-3, ,
0, ,-3, ,
0, ,-3, ,
0, ,-3, ,
0, ,-3, ,
0, ,-3, ,
0, ,-3, ,
0, ,-3, ,
0, ,-3, ,
0, ,-3, ,
0, ,-3, ,
-1, ,-3, ,
-1, ,-3, ,
0, ,-3, ,
-1, ,-3, ,
0, ,-3, ,
0, ,-3, ,
0, ,-3, ,
0, ,-3, ,
0, ,-3, ,
0, ,-3, ,
0, ,-3, ,
0, ,-3, ,
0, ,-3, ,
0, ,-3, ,
-1, ,-3, ,
0, ,-3, ,
0, ,-3, ,
0, ,-3, ,
0, ,-3, ,
-1, ,-3, ,
0, ,-3, ,
0, ,-3, ,
0, ,-3, ,
0, ,-3, ,
0, ,-3, ,
-1, ,-3, ,
-1, ,-3, ,
0, ,-3, ,
0, ,-3, ,
0, ,-3, ,
0, ,-3, ,
0, ,-3, ,
0, ,-3, ,
0, ,-3, ,
0, ,-3, ,
0, ,-3, ,
0, ,-3, ,
0, ,-3, ,
0, ,-3, ,
0, ,-3, ,
0, ,-3, ,
0, ,-3, ,
-1, ,-3, ,
-1, ,-3, ,
-1, ,-3, ,
0, ,-3, ,
0, ,-3, ,
0, ,-3, ,
0, ,-3, ,
-1, ,-3, ,
-1, ,-3, ,
-1, ,-3, ,
0, ,-3, ,
0, ,-3, ,
0, ,-3, ,
0, ,-3, ,
-1, ,-3, ,
0, ,-3, ,
0, ,-3, ,
0, ,-3, ,
0, ,-3, ,
0, ,-3, ,
0, ,-3, ,
0, ,-3, ,
0, ,-3, ,
0, ,-3, ,
0, ,-3, ,
0, ,-3, ,
0, ,-3, ,
0, ,-3, ,
0, ,-3, ,
-1, ,-3, ,
0, ,-3, ,
-1, ,-3, ,
-1, ,-3, ,
-1, ,-3, ,
-1, ,-3, ,
-1, ,-3, ,
-1, ,-3, ,
0, ,-3, ,
0, ,-3, ,
0, ,-3, ,
0, ,-3, ,
0, ,-3, ,
-1, ,-3, ,
0, ,-3, ,
0, ,-3, ,
0, ,-3, ,
-1, ,-3, ,
-1, ,-3, ,
0, ,-3, ,
0, ,-3, ,
0, ,-3, ,
0, ,-3, ,
0, ,-3, ,
0, ,-3, ,
0, ,-3, ,
-1, ,-3, ,
-1, ,-3, ,
0, ,-3, ,
0, ,-3, ,
0, ,-3, ,
0, ,-3, ,
0, ,-3, ,
0, ,-3, ,
0, ,-3, ,
-1, ,-3, ,
-1, ,-3, ,
0, ,-3, ,
0, ,-3, ,
0, ,-3, ,
-1, ,-3, ,
-1, ,-3, ,
-1, ,-3, ,
0, ,-3, ,
0, ,-3, ,
0, ,-3, ,
0, ,-3, ,
0, ,-3, ,
0, ,-3, ,
0, ,-3, ,
0, ,-3, ,
0, ,-3, ,
-1, ,-3, ,
-1, ,-3, ,
-1, ,-3, ,
0, ,-3, ,
0, ,-3, ,
0, ,-3, ,
0, ,-3, ,
0, ,-3, ,
0, ,-3, ,
0, ,-3, ,
0, ,-3, ,
0, ,-3, ,
0, ,-3, ,
-1, ,-3, ,
-1, ,-3, ,
-1, ,-3, ,
-1, ,-3, ,
0, ,-3, ,
0, ,-3, ,
0, ,-3, ,
0, ,-3, ,
0, ,-3, ,
0, ,-3, ,
0, ,-3, ,
-1, ,-3, ,
0, ,-3, ,
0, ,-3, ,
0, ,-3, ,
0, ,-3, ,
0, ,-3, ,
0, ,-3, ,
0, ,-3, ,
0, ,-3, ,
0, ,-3, ,
0, ,-3, ,
0, ,-3, ,
0, ,-3, ,
0, ,-3, ,
-1, ,-3, ,
-1, ,-3, ,
-1, ,-3, ,
0, ,-3, ,
0, ,-3, ,
0, ,-3, ,
0, ,-3, ,
0, ,-3, ,
0, ,-3, ,
0, ,-3, ,
0, ,-3, ,
0, ,-3, ,
0, ,-3, ,
0, ,-3, ,
0, ,-3, ,
0, ,-3, ,
0, ,-3, ,
0, ,-3, ,
-1, ,-3, ,
-1, ,-3, ,
0, ,-3, ,
0, ,-3, ,
0, ,-3, ,
0, ,-3, ,
0, ,-3, ,
0, ,-3, ,
0, ,-3, ,
0, ,-3, ,
0, ,-3, ,
0, ,-3, ,
0, ,-3, ,
-1, ,-3, ,
-1, ,-3, ,
0, ,-3, ,
0, ,-3, ,
0, ,-3, ,
0, ,-3, ,
0, ,-3, ,
0, ,-3, ,
0, ,-3, ,
0, ,-3, ,
0, ,-3, ,
0, ,-3, ,
0, ,-3, ,
0, ,-3, ,
0, ,-3, ,
-1, ,-3, ,
0, ,-3, ,
0, ,-3, ,
0, ,-3, ,
0, ,-3, ,
0, ,-3, ,
0, ,-3, ,
0, ,-3, ,
0, ,-3, ,
-1, ,-3, ,
-1, ,-3, ,
1, ,-3, ,
1, ,-3, ,
-1, ,-3, ,
-2, ,-3, ,
0, ,-3, ,
0, ,-3, ,
0, ,-3, ,
0, ,-3, ,
0, ,-3, ,
0, ,-3, ,
0, ,-3, ,
0, ,-3, ,
0, ,-3, ,
0, ,-3, ,
-1, ,-3, ,
-1, ,-3, ,
0, ,-3, ,
0, ,-3, ,
0, ,-3, ,
0, ,-3, ,
0, ,-3, ,
0, ,-3, ,
-1, ,-3, ,
-1, ,-3, ,
-1, ,-3, ,
-1, ,-3, ,
0, ,-3, ,
0, ,-3, ,
0, ,-3, ,
0, ,-3, ,
0, ,-3, ,
0, ,-3, ,
0, ,-3, ,
0, ,-3, ,
0, ,-3, ,
0, ,-3, ,
0, ,-3, ,
-1, ,-3, ,
-1, ,-3, ,
0, ,-3, ,
0, ,-3, ,
0, ,-3, ,
0, ,-3, ,
0, ,-3, ,
0, ,-3, ,
-1, ,-3, ,
-1, ,-3, ,
0, ,-3, ,
0, ,-3, ,
0, ,-3, ,
-1, ,-3, ,
-1, ,-3, ,
0, ,-3, ,
0, ,-3, ,
0, ,-3, ,
0, ,-3, ,
0, ,-3, ,
0, ,-3, ,
0, ,-3, ,
0, ,-3, ,
-1, ,-3, ,
-1, ,-3, ,
0, ,-3, ,
0, ,-3, ,
0, ,-3, ,
0, ,-3, ,
0, ,-3, ,
0, ,-3, ,
0, ,-3, ,
0, ,-3, ,
0, ,-3, ,
0, ,-3, ,
0, ,-3, ,
0, ,-3, ,
0, ,-3, ,
0, ,-3, ,
0, ,-3, ,
0, ,-3, ,
0, ,-3, ,
0, ,-3, ,
0, ,-3, ,
-1, ,-3, ,
0, ,-3, ,
0, ,-3, ,
0, ,-3, ,
0, ,-3, ,
0, ,-3, ,
0, ,-3, ,
-1, ,-3, ,
-1, ,-3, ,
0, ,-3, ,
1, ,-3, ,
0, ,-3, ,
-1, ,-3, ,
0, ,-3, ,
0, ,-3, ,
0, ,-3, ,
-1, ,-3, ,
-1, ,-3, ,
-1, ,-3, ,
0, ,-3, ,
0, ,-3, ,
0, ,-3, ,
-1, ,-3, ,
-1, ,-3, ,
-1, ,-3, ,
0, ,-3, ,
0, ,-3, ,
0, ,-3, ,
0, ,-3, ,
0, ,-3, ,
0, ,-3, ,
0, ,-3, ,
-1, ,-3, ,
-1, ,-3, ,
0, ,-3, ,
-1, ,-3, ,
0, ,-3, ,
0, ,-3, ,
0, ,-3, ,
0, ,-3, ,
0, ,-3, ,
0, ,-3, ,
0, ,-3, ,
0, ,-3, ,
0, ,-3, ,
0, ,-3, ,
-1, ,-3, ,
0, ,-3, ,
0, ,-3, ,
0, ,-3, ,
-1, ,-3, ,
-1, ,-3, ,
-1, ,-3, ,
0, ,-3, ,
0, ,-3, ,
-1, ,-3, ,
-1, ,-3, ,
0, ,-3, ,
0, ,-3, ,
0, ,-3, ,
0, ,-3, ,
0, ,-3, ,
0, ,-3, ,
0, ,-3, ,
0, ,-3, ,
0, ,-3, ,
0, ,-3, ,
0, ,-3, ,
-1, ,-3, ,
-1, ,-3, ,
-1, ,-3, ,
0, ,-3, ,
0, ,-3, ,
0, ,-3, ,
0, ,-3, ,
0, ,-3, ,
0, ,-3, ,
-1, ,-3, ,
-1, ,-3, ,
0, ,-3, ,
0, ,-3, ,
0, ,-3, ,
-1, ,-3, ,
-1, ,-3, ,
-1, ,-3, ,
0, ,-3, ,
-1, ,-3, ,
0, ,-3, ,
1, ,-3, ,
0, ,-3, ,
-1, ,-3, ,
-1, ,-3, ,
-1, ,-3, ,
0, ,-3, ,
0, ,-3, ,
0, ,-3, ,
0, ,-3, ,
-1, ,-3, ,
0, ,-3, ,
0, ,-3, ,
0, ,-3, ,
0, ,-3, ,
0, ,-3, ,
0, ,-3, ,
0, ,-3, ,
0, ,-3, ,
-1, ,-3, ,
0, ,-3, ,
0, ,-3, ,
-1, ,-3, ,
-2, ,-3, ,
0, ,-3, ,
0, ,-3, ,
0, ,-3, ,
0, ,-3, ,
0, ,-3, ,
0, ,-3, ,
0, ,-3, ,
0, ,-3, ,
-1, ,-3, ,
-1, ,-3, ,
-1, ,-3, ,
0, ,-3, ,
0, ,-3, ,
0, ,-3, ,
0, ,-3, ,
0, ,-3, ,
0, ,-3, ,
0, ,-3, ,
0, ,-3, ,
0, ,-3, ,
0, ,-3, ,
0, ,-3, ,
0, ,-3, ,
-1, ,-3, ,
-1, ,-3, ,
0, ,-3, ,
0, ,-3, ,
0, ,-3, ,
-1, ,-3, ,
-1, ,-3, ,
0, ,-3, ,
0, ,-3, ,
0, ,-3, ,
-1, ,-3, ,
-1, ,-3, ,
0, ,-3, ,
0, ,-3, ,
0, ,-3, ,
0, ,-3, ,
0, ,-3, ,
0, ,-3, ,
0, ,-3, ,
0, ,-3, ,
0, ,-3, ,
0, ,-3, ,
0, ,-3, ,
0, ,-3, ,
0, ,-3, ,
0, ,-3, ,
-1, ,-3, ,
0, ,-3, ,
0, ,-3, ,
0, ,-3, ,
0, ,-3, ,
0, ,-3, ,
0, ,-3, ,
0, ,-3, ,
0, ,-3, ,
0, ,-3, ,
0, ,-3, ,
0, ,-3, ,
0, ,-3, ,
0, ,-3, ,
0, ,-3, ,
0, ,-3, ,
0, ,-3, ,
0, ,-3, ,
0, ,-3, ,
0, ,-3, ,
-1, ,-3, ,
-1, ,-3, ,
0, ,-3, ,
0, ,-3, ,
0, ,-3, ,
0, ,-3, ,
-1, ,-3, ,
0, ,-3, ,
0, ,-3, ,
0, ,-3, ,
0, ,-3, ,
0, ,-3, ,
0, ,-3, ,
0, ,-3, ,
0, ,-3, ,
0, ,-3, ,
-1, ,-3, ,
0, ,-3, ,
0, ,-3, ,
0, ,-3, ,
0, ,-3, ,
0, ,-3, ,
0, ,-3, ,
0, ,-3, ,
0, ,-3, ,
0, ,-3, ,
-1, ,-3, ,
-1, ,-3, ,
0, ,-3, ,
0, ,-3, ,
0, ,-3, ,
0, ,-3, ,
0, ,-3, ,
0, ,-3, ,
0, ,-3, ,
0, ,-3, ,
0, ,-3, ,
0, ,-3, ,
0, ,-3, ,
0, ,-3, ,
0, ,-3, ,
0, ,-3, ,
0, ,-3, ,
0, ,-3, ,
0, ,-3, ,
0, ,-3, ,
0, ,-3, ,
-1, ,-3, ,
0, ,-3, ,
0, ,-3, ,
0, ,-3, ,
0, ,-3, ,
0, ,-3, ,
0, ,-3, ,
-1, ,-3, ,
-1, ,-3, ,
0, ,-3, ,
0, ,-3, ,
0, ,-3, ,
0, ,-3, ,
-1, ,-3, ,
-1, ,-3, ,
0, ,-3, ,
0, ,-3, ,
0, ,-3, ,
0, ,-3, ,
-1, ,-3, ,
0, ,-3, ,
0, ,-3, ,
0, ,-3, ,
0, ,-3, ,
-1, ,-3, ,
-1, ,-3, ,
0, ,-3, ,
0, ,-3, ,
0, ,-3, ,
0, ,-3, ,
0, ,-3, ,
0, ,-3, ,
0, ,-3, ,
0, ,-3, ,
0, ,-3, ,
-1, ,-3, ,
0, ,-3, ,
0, ,-3, ,
0, ,-3, ,
0, ,-3, ,
0, ,-3, ,
0, ,-3, ,
0, ,-3, ,
0, ,-3, ,
0, ,-3, ,
0, ,-3, ,
0, ,-3, ,
0, ,-3, ,
0, ,-3, ,
0, ,-3, ,
0, ,-3, ,
0, ,-3, ,
0, ,-3, ,
0, ,-3, ,
0, ,-3, ,
0, ,-3, ,
0, ,-3, ,
0, ,-3, ,
0, ,-3, ,
0, ,-3, ,
0, ,-3, ,
0, ,-3, ,
0, ,-3, ,
0, ,-3, ,
0, ,-3, ,
0, ,-3, ,
0, ,-3, ,
0, ,-3, ,
0, ,-3, ,
0, ,-3, ,
0, ,-3, ,
0, ,-3, ,
-1, ,-3, ,
-1, ,-3, ,
0, ,-3, ,
0, ,-3, ,
0, ,-3, ,
0, ,-3, ,
0, ,-3, ,
0, ,-3, ,
0, ,-3, ,
-1, ,-3, ,
0, ,-3, ,
0, ,-3, ,
0, ,-3, ,
0, ,-3, ,
0, ,-3, ,
0, ,-3, ,
0, ,-3, ,
0, ,-3, ,
0, ,-3, ,
0, ,-3, ,
0, ,-3, ,
0, ,-3, ,
0, ,-3, ,
0, ,-3, ,
-1, ,-3, ,
-1, ,-3, ,
0, ,-3, ,
0, ,-3, ,
0, ,-3, ,
0, ,-3, ,
0, ,-3, ,
0, ,-3, ,
0, ,-3, ,
-1, ,-3, ,
0, ,-3, ,
0, ,-3, ,
0, ,-3, ,
0, ,-3, ,
0, ,-3, ,
0, ,-3, ,
-1, ,-3, ,
0, ,-3, ,
0, ,-3, ,
0, ,-3, ,
0, ,-3, ,
0, ,-3, ,
0, ,-3, ,
0, ,-3, ,
0, ,-3, ,
-1, ,-3, ,
-1, ,-3, ,
0, ,-3, ,
0, ,-3, ,
0, ,-3, ,
0, ,-3, ,
0, ,-3, ,
0, ,-3, ,
0, ,-3, ,
0, ,-3, ,
0, ,-3, ,
0, ,-3, ,
0, ,-3, ,
0, ,-3, ,
0, ,-3, ,
0, ,-3, ,
0, ,-3, ,
-1, ,-3, ,
0, ,-3, ,
0, ,-3, ,
0, ,-3, ,
0, ,-3, ,
0, ,-3, ,
0, ,-3, ,
0, ,-3, ,
0, ,-3, ,
-1, ,-3, ,
0, ,-3, ,
0, ,-3, ,
0, ,-3, ,
0, ,-3, ,
0, ,-3, ,
0, ,-3, ,
0, ,-3, ,
0, ,-3, ,
0, ,-3, ,
0, ,-3, ,
0, ,-3, ,
0, ,-3, ,
0, ,-3, ,
-1, ,-3, ,
0, ,-3, ,
0, ,-3, ,
0, ,-3, ,
0, ,-3, ,
0, ,-3, ,
0, ,-3, ,
0, ,-3, ,
0, ,-3, ,
0, ,-3, ,
-1, ,-3, ,
0, ,-3, ,
0, ,-3, ,
0, ,-3, ,
-1, ,-3, ,
-1, ,-3, ,
0, ,-3, ,
0, ,-3, ,
0, ,-3, ,
-1, ,-3, ,
-1, ,-3, ,
0, ,-3, ,
0, ,-3, ,
0, ,-3, ,
0, ,-3, ,
0, ,-3, ,
0, ,-3, ,
0, ,-3, ,
0, ,-3, ,
0, ,-3, ,
0, ,-3, ,
0, ,-3, ,
0, ,-3, ,
-1, ,-3, ,
-1, ,-3, ,
0, ,-3, ,
0, ,-3, ,
0, ,-3, ,
0, ,-3, ,
0, ,-3, ,
0, ,-3, ,
0, ,-3, ,
0, ,-3, ,
0, ,-3, ,
-1, ,-3, ,
0, ,-3, ,
0, ,-3, ,
0, ,-3, ,
0, ,-3, ,
0, ,-3, ,
0, ,-3, ,
0, ,-3, ,
0, ,-3, ,
0, ,-3, ,
0, ,-3, ,
-1, ,-3, ,
-2, ,-3, ,
0, ,-3, ,
0, ,-3, ,
0, ,-3, ,
0, ,-3, ,
0, ,-3, ,
-1, ,-3, ,
0, ,-3, ,
0, ,-3, ,
0, ,-3, ,
0, ,-3, ,
0, ,-3, ,
0, ,-3, ,
0, ,-3, ,
0, ,-3, ,
0, ,-3, ,
0, ,-3, ,
0, ,-3, ,
0, ,-3, ,
0, ,-3, ,
-1, ,-3, ,
-1, ,-3, ,
0, ,-3, ,
0, ,-3, ,
0, ,-3, ,
0, ,-3, ,
0, ,-3, ,
0, ,-3, ,
-1, ,-3, ,
-1, ,-3, ,
0, ,-3, ,
0, ,-3, ,
0, ,-3, ,
0, ,-3, ,
0, ,-3, ,
0, ,-3, ,
0, ,-3, ,
0, ,-3, ,
0, ,-3, ,
0, ,-3, ,
0, ,-3, ,
0, ,-3, ,
-1, ,-3, ,
-1, ,-3, ,
0, ,-3, ,
0, ,-3, ,
0, ,-3, ,
-1, ,-3, ,
-1, ,-3, ,
-1, ,-3, ,
0, ,-3, ,
0, ,-3, ,
0, ,-3, ,
0, ,-3, ,
0, ,-3, ,
0, ,-3, ,
0, ,-3, ,
0, ,-3, ,
0, ,-3, ,
0, ,-3, ,
0, ,-3, ,
0, ,-3, ,
0, ,-3, ,
0, ,-3, ,
0, ,-3, ,
0, ,-3, ,
0, ,-3, ,
0, ,-3, ,
-1, ,-3, ,
-1, ,-3, ,
0, ,-3, ,
0, ,-3, ,
0, ,-3, ,
0, ,-3, ,
0, ,-3, ,
0, ,-3, ,
0, ,-3, ,
0, ,-3, ,
0, ,-3, ,
0, ,-3, ,
0, ,-3, ,
0, ,-3, ,
-1, ,-3, ,
-1, ,-3, ,
0, ,-3, ,
0, ,-3, ,
0, ,-3, ,
-1, ,-3, ,
-1, ,-3, ,
0, ,-3, ,
0, ,-3, ,
0, ,-3, ,
0, ,-3, ,
0, ,-3, ,
-1, ,-3, ,
0, ,-3, ,
0, ,-3, ,
0, ,-3, ,
0, ,-3, ,
0, ,-3, ,
0, ,-3, ,
0, ,-3, ,
0, ,-3, ,
0, ,-3, ,
0, ,-3, ,
0, ,-3, ,
0, ,-3, ,
0, ,-3, ,
-1, ,-3, ,
0, ,-3, ,
-1, ,-3, ,
-1, ,-3, ,
-1, ,-3, ,
0, ,-3, ,
0, ,-3, ,
0, ,-3, ,
0, ,-3, ,
0, ,-3, ,
0, ,-3, ,
0, ,-3, ,
0, ,-3, ,
0, ,-3, ,
0, ,-3, ,
0, ,-3, ,
0, ,-3, ,
0, ,-3, ,
0, ,-3, ,
0, ,-3, ,
0, ,-3, ,
0, ,-3, ,
0, ,-3, ,
0, ,-3, ,
0, ,-3, ,
0, ,-3, ,
-1, ,-3, ,
-1, ,-3, ,
0, ,-3, ,
0, ,-3, ,
0, ,-3, ,
0, ,-3, ,
0, ,-3, ,
0, ,-3, ,
0, ,-3, ,
0, ,-3, ,
0, ,-3, ,
0, ,-3, ,
0, ,-3, ,
0, ,-3, ,
0, ,-3, ,
0, ,-3, ,
0, ,-3, ,
0, ,-3, ,
-1, ,-3, ,
0, ,-3, ,
0, ,-3, ,
0, ,-3, ,
0, ,-3, ,
0, ,-3, ,
0, ,-3, ,
0, ,-3, ,
0, ,-3, ,
0, ,-3, ,
0, ,-3, ,
0, ,-3, ,
0, ,-3, ,
0, ,-3, ,
0, ,-3, ,
0, ,-3, ,
0, ,-3, ,
0, ,-3, ,
0, ,-3, ,
-1, ,-3, ,
-1, ,-3, ,
-1, ,-3, ,
0, ,-3, ,
0, ,-3, ,
0, ,-3, ,
0, ,-3, ,
0, ,-3, ,
-1, ,-3, ,
-1, ,-3, ,
0, ,-3, ,
0, ,-3, ,
0, ,-3, ,
0, ,-3, ,
-1, ,-3, ,
0, ,-3, ,
-1, ,-3, ,
-1, ,-3, ,
0, ,-3, ,
1, ,-3, ,
0, ,-3, ,
-1, ,-3, ,
-1, ,-3, ,
0, ,-3, ,
0, ,-3, ,
0, ,-3, ,
0, ,-3, ,
0, ,-3, ,
0, ,-3, ,
-1, ,-3, ,
0, ,-3, ,
0, ,-3, ,
-1, ,-3, ,
-1, ,-3, ,
0, ,-3, ,
0, ,-3, ,
0, ,-3, ,
-1, ,-3, ,
-1, ,-3, ,
-1, ,-3, ,
0, ,-3, ,
0, ,-3, ,
0, ,-3, ,
0, ,-3, ,
0, ,-3, ,
0, ,-3, ,
0, ,-3, ,
-1, ,-3, ,
0, ,-3, ,
0, ,-3, ,
0, ,-3, ,
0, ,-3, ,
0, ,-3, ,
0, ,-3, ,
0, ,-3, ,
0, ,-3, ,
0, ,-3, ,
0, ,-3, ,
0, ,-3, ,
0, ,-3, ,
0, ,-3, ,
0, ,-3, ,
0, ,-3, ,
0, ,-3, ,
0, ,-3, ,
-1, ,-3, ,
-1, ,-3, ,
0, ,-3, ,
0, ,-3, ,
0, ,-3, ,
0, ,-3, ,
0, ,-3, ,
0, ,-3, ,
0, ,-3, ,
0, ,-3, ,
0, ,-3, ,
0, ,-3, ,
0, ,-3, ,
0, ,-3, ,
0, ,-3, ,
0, ,-3, ,
0, ,-3, ,
0, ,-3, ,
0, ,-3, ,
0, ,-3, ,
0, ,-3, ,
0, ,-3, ,
-1, ,-3, ,
0, ,-3, ,
0, ,-3, ,
0, ,-3, ,
0, ,-3, ,
0, ,-3, ,
-1, ,-3, ,
-1, ,-3, ,
0, ,-3, ,
0, ,-3, ,
0, ,-3, ,
0, ,-3, ,
-1, ,-3, ,
-1, ,-3, ,
0, ,-3, ,
0, ,-3, ,
0, ,-3, ,
0, ,-3, ,
0, ,-3, ,
0, ,-3, ,
0, ,-3, ,
0, ,-3, ,
0, ,-3, ,
0, ,-3, ,
0, ,-3, ,
0, ,-3, ,
0, ,-3, ,
0, ,-3, ,
-1, ,-3, ,
-1, ,-3, ,
0, ,-3, ,
0, ,-3, ,
0, ,-3, ,
0, ,-3, ,
0, ,-3, ,
-1, ,-3, ,
0, ,-3, ,
0, ,-3, ,
0, ,-3, ,
0, ,-3, ,
0, ,-3, ,
0, ,-3, ,
0, ,-3, ,
0, ,-3, ,
0, ,-3, ,
-1, ,-3, ,
0, ,-3, ,
0, ,-3, ,
0, ,-3, ,
0, ,-3, ,
0, ,-3, ,
0, ,-3, ,
0, ,-3, ,
0, ,-3, ,
0, ,-3, ,
0, ,-3, ,
0, ,-3, ,
-1, ,-3, ,
-1, ,-3, ,
0, ,-3, ,
0, ,-3, ,
0, ,-3, ,
0, ,-3, ,
0, ,-3, ,
0, ,-3, ,
0, ,-3, ,
0, ,-3, ,
0, ,-3, ,
0, ,-3, ,
0, ,-3, ,
0, ,-3, ,
0, ,-3, ,
0, ,-3, ,
0, ,-3, ,
0, ,-3, ,
0, ,-3, ,
0, ,-3, ,
0, ,-3, ,
0, ,-3, ,
0, ,-3, ,
0, ,-3, ,
0, ,-3, ,
0, ,-3, ,
0, ,-3, ,
0, ,-3, ,
0, ,-3, ,
0, ,-3, ,
0, ,-3, ,
0, ,-3, ,
0, ,-3, ,
-1, ,-3, ,
0, ,-3, ,
0, ,-3, ,
0, ,-3, ,
0, ,-3, ,
0, ,-3, ,
0, ,-3, ,
0, ,-3, ,
0, ,-3, ,
0, ,-3, ,
0, ,-3, ,
0, ,-3, ,
0, ,-3, ,
0, ,-3, ,
0, ,-3, ,
0, ,-3, ,
0, ,-3, ,
0, ,-3, ,
0, ,-3, ,
0, ,-3, ,
0, ,-3, ,
0, ,-3, ,
0, ,-3, ,
0, ,-3, ,
0, ,-3, ,
0, ,-3, ,
0, ,-3, ,
0, ,-3, ,
0, ,-3, ,
0, ,-3, ,
0, ,-3, ,
0, ,-3, ,
0, ,-3, ,
0, ,-3, ,
0, ,-3, ,
0, ,-3, ,
0, ,-3, ,
0, ,-3, ,
0, ,-3, ,
0, ,-3, ,
0, ,-3, ,
0, ,-3, ,
0, ,-3, ,
0, ,-3, ,
0, ,-3, ,
0, ,-3, ,
0, ,-3, ,
0, ,-3, ,
0, ,-3, ,
0, ,-3, ,
0, ,-3, ,
0, ,-3, ,
0, ,-3, ,
0, ,-3, ,
0, ,-3, ,
0, ,-3, ,
0, ,-3, ,
0, ,-3, ,
0, ,-3, ,
0, ,-3, ,
0, ,-3, ,
0, ,-3, ,
0, ,-3, ,
0, ,-3, ,
0, ,-3, ,
0, ,-3, ,
0, ,-3, ,
0, ,-3, ,
0, ,-3, ,
0, ,-3, ,
-1, ,-3, ,
-1, ,-3, ,
-1, ,-3, ,
-1, ,-3, ,
0, ,-3, ,
0, ,-3, ,
0, ,-3, ,
0, ,-3, ,
0, ,-3, ,
0, ,-3, ,
0, ,-3, ,
-1, ,-3, ,
0, ,-3, ,
0, ,-3, ,
0, ,-3, ,
0, ,-3, ,
0, ,-3, ,
0, ,-3, ,
-1, ,-3, ,
0, ,-3, ,
0, ,-3, ,
0, ,-3, ,
0, ,-3, ,
0, ,-3, ,
-1, ,-3, ,
-1, ,-3, ,
0, ,-3, ,
0, ,-3, ,
0, ,-3, ,
-1, ,-3, ,
-1, ,-3, ,
-1, ,-3, ,
0, ,-3, ,
0, ,-3, ,
0, ,-3, ,
0, ,-3, ,
0, ,-3, ,
0, ,-3, ,
-1, ,-3, ,
0, ,-3, ,
-1, ,-3, ,
-1, ,-3, ,
0, ,-3, ,
0, ,-3, ,
-1, ,-3, ,
-1, ,-3, ,
0, ,-3, ,
0, ,-3, ,
0, ,-3, ,
0, ,-3, ,
0, ,-3, ,
0, ,-3, ,
0, ,-3, ,
0, ,-3, ,
-1, ,-3, ,
-1, ,-3, ,
-1, ,-3, ,
0, ,-3, ,
0, ,-3, ,
0, ,-3, ,
0, ,-3, ,
-1, ,-3, ,
-1, ,-3, ,
0, ,-3, ,
0, ,-3, ,
0, ,-3, ,
0, ,-3, ,
0, ,-3, ,
0, ,-3, ,
0, ,-3, ,
0, ,-3, ,
-1, ,-3, ,
0, ,-3, ,
0, ,-3, ,
0, ,-3, ,
0, ,-3, ,
0, ,-3, ,
0, ,-3, ,
0, ,-3, ,
0, ,-3, ,
0, ,-3, ,
0, ,-3, ,
0, ,-3, ,
0, ,-3, ,
0, ,-3, ,
0, ,-3, ,
0, ,-3, ,
0, ,-3, ,
0, ,-3, ,
0, ,-3, ,
0, ,-3, ,
0, ,-3, ,
0, ,-3, ,
0, ,-3, ,
-1, ,-3, ,
0, ,-3, ,
0, ,-3, ,
0, ,-3, ,
0, ,-3, ,
0, ,-3, ,
0, ,-3, ,
0, ,-3, ,
0, ,-3, ,
0, ,-3, ,
0, ,-3, ,
0, ,-3, ,
0, ,-3, ,
0, ,-3, ,
0, ,-3, ,
0, ,-3, ,
0, ,-3, ,
0, ,-3, ,
0, ,-3, ,
0, ,-3, ,
0, ,-3, ,
0, ,-3, ,
0, ,-3, ,
0, ,-3, ,
0, ,-3, ,
0, ,-3, ,
0, ,-3, ,
0, ,-3, ,
0, ,-3, ,
0, ,-3, ,
0, ,-3, ,
0, ,-3, ,
0, ,-3, ,
0, ,-3, ,
0, ,-3, ,
0, ,-3, ,
0, ,-3, ,
0, ,-3, ,
0, ,-3, ,
0, ,-3, ,
0, ,-3, ,
0, ,-3, ,
0, ,-3, ,
-1, ,-3, ,
0, ,-3, ,
0, ,-3, ,
0, ,-3, ,
0, ,-3, ,
0, ,-3, ,
0, ,-3, ,
0, ,-3, ,
0, ,-3, ,
0, ,-3, ,
0, ,-3, ,
0, ,-3, ,
0, ,-3, ,
0, ,-3, ,
0, ,-3, ,
0, ,-3, ,
0, ,-3, ,
-1, ,-3, ,
0, ,-3, ,
0, ,-3, ,
0, ,-3, ,
0, ,-3, ,
0, ,-3, ,
0, ,-3, ,
0, ,-3, ,
0, ,-3, ,
0, ,-3, ,
0, ,-3, ,
0, ,-3, ,
0, ,-3, ,
0, ,-3, ,
0, ,-3, ,
0, ,-3, ,
-1, ,-3, ,
-1, ,-3, ,
0, ,-3, ,
0, ,-3, ,
0, ,-3, ,
0, ,-3, ,
0, ,-3, ,
0, ,-3, ,
0, ,-3, ,
0, ,-3, ,
0, ,-3, ,
0, ,-3, ,
0, ,-3, ,
0, ,-3, ,
0, ,-3, ,
-1, ,-3, ,
0, ,-3, ,
0, ,-3, ,
0, ,-3, ,
0, ,-3, ,
-1, ,-3, ,
0, ,-3, ,
0, ,-3, ,
0, ,-3, ,
0, ,-3, ,
0, ,-3, ,
0, ,-3, ,
0, ,-3, ,
0, ,-3, ,
0, ,-3, ,
0, ,-3, ,
-1, ,-3, ,
0, ,-3, ,
0, ,-3, ,
0, ,-3, ,
0, ,-3, ,
0, ,-3, ,
0, ,-3, ,
0, ,-3, ,
0, ,-3, ,
0, ,-3, ,
0, ,-3, ,
0, ,-3, ,
0, ,-3, ,
-1, ,-3, ,
-1, ,-3, ,
0, ,-3, ,
0, ,-3, ,
0, ,-3, ,
0, ,-3, ,
0, ,-3, ,
0, ,-3, ,
0, ,-3, ,
0, ,-3, ,
-1, ,-3, ,
-1, ,-3, ,
0, ,-3, ,
0, ,-3, ,
0, ,-3, ,
0, ,-3, ,
0, ,-3, ,
0, ,-3, ,
0, ,-3, ,
0, ,-3, ,
0, ,-3, ,
0, ,-3, ,
0, ,-3, ,
-1, ,-3, ,
-1, ,-3, ,
0, ,-3, ,
0, ,-3, ,
0, ,-3, ,
-1, ,-3, ,
0, ,-3, ,
0, ,-3, ,
-1, ,-3, ,
0, ,-3, ,
0, ,-3, ,
0, ,-3, ,
0, ,-3, ,
-1, ,-3, ,
0, ,-3, ,
0, ,-3, ,
0, ,-3, ,
0, ,-3, ,
0, ,-3, ,
0, ,-3, ,
-1, ,-3, ,
-1, ,-3, ,
-1, ,-3, ,
0, ,-3, ,
1, ,-3, ,
1, ,-3, ,
0, ,-3, ,
-1, ,-3, ,
0, ,-3, ,
0, ,-3, ,
-1, ,-3, ,
-1, ,-3, ,
0, ,-3, ,
0, ,-3, ,
0, ,-3, ,
-1, ,-3, ,
-1, ,-3, ,
0, ,-3, ,
0, ,-3, ,
0, ,-3, ,
0, ,-3, ,
0, ,-3, ,
-1, ,-3, ,
-1, ,-3, ,
-1, ,-3, ,
0, ,-3, ,
0, ,-3, ,
0, ,-3, ,
-1, ,-3, ,
-2, ,-3, ,
0, ,-3, ,
1, ,-3, ,
0, ,-3, ,
0, ,-3, ,
0, ,-3, ,
-1, ,-3, ,
-1, ,-3, ,
-1, ,-3, ,
-1, ,-3, ,
-1, ,-3, ,
0, ,-3, ,
0, ,-3, ,
0, ,-3, ,
0, ,-3, ,
-1, ,-3, ,
-1, ,-3, ,
-1, ,-3, ,
0, ,-3, ,
0, ,-3, ,
0, ,-3, ,
0, ,-3, ,
0, ,-3, ,
0, ,-3, ,
0, ,-3, ,
0, ,-3, ,
0, ,-3, ,
0, ,-3, ,
0, ,-3, ,
-1, ,-3, ,
0, ,-3, ,
0, ,-3, ,
0, ,-3, ,
0, ,-3, ,
0, ,-3, ,
0, ,-3, ,
0, ,-3, ,
0, ,-3, ,
-1, ,-3, ,
-1, ,-3, ,
0, ,-3, ,
0, ,-3, ,
0, ,-3, ,
-1, ,-3, ,
-1, ,-3, ,
-1, ,-3, ,
0, ,-3, ,
0, ,-3, ,
0, ,-3, ,
0, ,-3, ,
0, ,-3, ,
0, ,-3, ,
0, ,-3, ,
0, ,-3, ,
0, ,-3, ,
0, ,-3, ,
0, ,-3, ,
-1, ,-3, ,
-1, ,-3, ,
0, ,-3, ,
0, ,-3, ,
0, ,-3, ,
-1, ,-3, ,
-1, ,-3, ,
-1, ,-3, ,
-1, ,-3, ,
0, ,-3, ,
0, ,-3, ,
0, ,-3, ,
-1, ,-3, ,
-1, ,-3, ,
0, ,-3, ,
0, ,-3, ,
0, ,-3, ,
0, ,-3, ,
0, ,-3, ,
0, ,-3, ,
0, ,-3, ,
0, ,-3, ,
0, ,-3, ,
-1, ,-3, ,
-1, ,-3, ,
-1, ,-3, ,
-1, ,-3, ,
-1, ,-3, ,
0, ,-3, ,
0, ,-3, ,
1, ,-3, ,
0, ,-3, ,
0, ,-3, ,
-1, ,-3, ,
-1, ,-3, ,
-1, ,-3, ,
-1, ,-3, ,
0, ,-3, ,
0, ,-3, ,
0, ,-3, ,
-1, ,-3, ,
0, ,-3, ,
0, ,-3, ,
1, ,-3, ,
0, ,-3, ,
0, ,-3, ,
-2, ,-3, ,
-2, ,-3, ,
-1, ,-3, ,
0, ,-3, ,
0, ,-3, ,
0, ,-3, ,
0, ,-3, ,
0, ,-3, ,
0, ,-3, ,
0, ,-3, ,
-1, ,-3, ,
-1, ,-3, ,
-1, ,-3, ,
-1, ,-3, ,
0, ,-3, ,
0, ,-3, ,
0, ,-3, ,
-1, ,-3, ,
0, ,-3, ,
1, ,-3, ,
1, ,-3, ,
0, ,-3, ,
-1, ,-3, ,
-2, ,-3, ,
-1, ,-3, ,
0, ,-3, ,
0, ,-3, ,
0, ,-3, ,
0, ,-3, ,
-1, ,-3, ,
-1, ,-3, ,
-1, ,-3, ,
0, ,-3, ,
0, ,-3, ,
0, ,-3, ,
-1, ,-3, ,
-1, ,-3, ,
-1, ,-3, ,
1, ,-3, ,
2, ,-3, ,
2, ,-3, ,
0, ,-3, ,
-2, ,-3, ,
-4, ,-3, ,
-2, ,-3, ,
0, ,-3, ,
1, ,-3, ,
0, ,-3, ,
-1, ,-3, ,
-2, ,-3, ,
-2, ,-3, ,
0, ,-3, ,
1, ,-3, ,
1, ,-3, ,
1, ,-3, ,
1, ,-3, ,
0, ,-3, ,
-1, ,-3, ,
-2, ,-3, ,
-2, ,-3, ,
-1, ,-3, ,
0, ,-3, ,
1, ,-3, ,
1, ,-3, ,
0, ,-3, ,
-1, ,-3, ,
0, ,-3, ,
0, ,-3, ,
0, ,-3, ,
0, ,-3, ,
0, ,-3, ,
0, ,-3, ,
0, ,-3, ,
0, ,-3, ,
-1, ,-3, ,
-1, ,-3, ,
-1, ,-3, ,
-1, ,-3, ,
-1, ,-3, ,
-1, ,-3, ,
-1, ,-3, ,
0, ,-3, ,
1, ,-3, ,
1, ,-3, ,
0, ,-3, ,
0, ,-3, ,
-1, ,-3, ,
-1, ,-3, ,
0, ,-3, ,
0, ,-3, ,
0, ,-3, ,
-1, ,-3, ,
-1, ,-3, ,
0, ,-3, ,
0, ,-3, ,
0, ,-3, ,
0, ,-3, ,
0, ,-3, ,
-1, ,-3, ,
-1, ,-3, ,
-1, ,-3, ,
0, ,-3, ,
0, ,-3, ,
0, ,-3, ,
0, ,-3, ,
0, ,-3, ,
-1, ,-3, ,
-1, ,-3, ,
0, ,-3, ,
0, ,-3, ,
0, ,-3, ,
0, ,-3, ,
0, ,-3, ,
0, ,-3, ,
0, ,-3, ,
0, ,-3, ,
-1, ,-3, ,
-1, ,-3, ,
-1, ,-3, ,
-1, ,-3, ,
-1, ,-3, ,
-1, ,-3, ,
0, ,-3, ,
0, ,-3, ,
1, ,-3, ,
0, ,-3, ,
0, ,-3, ,
-1, ,-3, ,
-1, ,-3, ,
-1, ,-3, ,
0, ,-3, ,
0, ,-3, ,
0, ,-3, ,
0, ,-3, ,
-1, ,-3, ,
-1, ,-3, ,
-1, ,-3, ,
0, ,-3, ,
0, ,-3, ,
0, ,-3, ,
0, ,-3, ,
0, ,-3, ,
0, ,-3, ,
0, ,-3, ,
0, ,-3, ,
0, ,-3, ,
0, ,-3, ,
0, ,-3, ,
-1, ,-3, ,
-2, ,-3, ,
-2, ,-3, ,
-1, ,-3, ,
0, ,-3, ,
0, ,-3, ,
0, ,-3, ,
0, ,-3, ,
0, ,-3, ,
0, ,-3, ,
0, ,-3, ,
1, ,-3, ,
0, ,-3, ,
-1, ,-3, ,
-2, ,-3, ,
-2, ,-3, ,
-1, ,-3, ,
0, ,-3, ,
1, ,-3, ,
1, ,-3, ,
0, ,-3, ,
-1, ,-3, ,
-1, ,-3, ,
-1, ,-3, ,
-1, ,-3, ,
0, ,-3, ,
1, ,-3, ,
1, ,-3, ,
0, ,-3, ,
0, ,-3, ,
0, ,-3, ,
-1, ,-3, ,
-1, ,-3, ,
-1, ,-3, ,
-1, ,-3, ,
-1, ,-3, ,
-1, ,-3, ,
-1, ,-3, ,
0, ,-3, ,
1, ,-3, ,
1, ,-3, ,
1, ,-3, ,
0, ,-3, ,
0, ,-3, ,
-1, ,-3, ,
-1, ,-3, ,
-1, ,-3, ,
-2, ,-3, ,
-2, ,-3, ,
-2, ,-3, ,
-1, ,-3, ,
0, ,-3, ,
1, ,-3, ,
2, ,-3, ,
1, ,-3, ,
1, ,-3, ,
0, ,-3, ,
0, ,-3, ,
0, ,-3, ,
0, ,-3, ,
0, ,-3, ,
0, ,-3, ,
0, ,-3, ,
-1, ,-3, ,
-1, ,-3, ,
-2, ,-3, ,
-1, ,-3, ,
-1, ,-3, ,
-1, ,-3, ,
-1, ,-3, ,
0, ,-3, ,
0, ,-3, ,
1, ,-3, ,
1, ,-3, ,
1, ,-3, ,
1, ,-3, ,
-1, ,-3, ,
-5, ,-3, ,
-9, ,-3, ,
-1, ,-3, ,
17, ,-3, ,
18, ,-3, ,
-13, ,-3, ,
-32, ,-3, ,
-7, ,-3, ,
17, ,-3, ,
4, ,-3, ,
-12, ,-3, ,
-1, ,-3, ,
11, ,-3, ,
6, ,-3, ,
5, ,-3, ,
1, ,-3, ,
-10, ,-3, ,
-10, ,-3, ,
0, ,-3, ,
0, ,-3, ,
-4, ,-3, ,
-1, ,-3, ,
1, ,-3, ,
1, ,-3, ,
2, ,-3, ,
1, ,-3, ,
-2, ,-3, ,
-1, ,-3, ,
1, ,-3, ,
-1, ,-3, ,
-2, ,-3, ,
-1, ,-3, ,
0, ,-3, ,
0, ,-3, ,
-1, ,-3, ,
0, ,-3, ,
0, ,-3, ,
0, ,-3, ,
-1, ,-3, ,
0, ,-3, ,
0, ,-3, ,
0, ,-3, ,
0, ,-3, ,
0, ,-3, ,
0, ,-3, ,
-1, ,-3, ,
-1, ,-3, ,
-1, ,-3, ,
-1, ,-3, ,
0, ,-3, ,
0, ,-3, ,
-1, ,-3, ,
-2, ,-3, ,
-2, ,-3, ,
-1, ,-3, ,
1, ,-3, ,
2, ,-3, ,
2, ,-3, ,
2, ,-3, ,
1, ,-3, ,
-1, ,-3, ,
-2, ,-3, ,
-2, ,-3, ,
-1, ,-3, ,
-2, ,-3, ,
-1, ,-3, ,
1, ,-3, ,
0, ,-3, ,
-4, ,-3, ,
-4, ,-3, ,
0, ,-3, ,
2, ,-3, ,
0, ,-3, ,
0, ,-3, ,
1, ,-3, ,
2, ,-3, ,
0, ,-3, ,
0, ,-3, ,
0, ,-3, ,
-1, ,-3, ,
-2, ,-3, ,
-2, ,-3, ,
-1, ,-3, ,
-1, ,-3, ,
0, ,-3, ,
0, ,-3, ,
-1, ,-3, ,
-1, ,-3, ,
0, ,-3, ,
0, ,-3, ,
0, ,-3, ,
0, ,-3, ,
0, ,-3, ,
0, ,-3, ,
1, ,-3, ,
1, ,-3, ,
0, ,-3, ,
-2, ,-3, ,
-1, ,-3, ,
0, ,-3, ,
-1, ,-3, ,
-1, ,-3, ,
0, ,-3, ,
-1, ,-3, ,
-1, ,-3, ,
0, ,-3, ,
-1, ,-3, ,
-1, ,-3, ,
-1, ,-3, ,
0, ,-3, ,
0, ,-3, ,
0, ,-3, ,
0, ,-3, ,
0, ,-3, ,
0, ,-3, ,
0, ,-3, ,
0, ,-3, ,
0, ,-3, ,
0, ,-3, ,
0, ,-3, ,
0, ,-3, ,
0, ,-3, ,
0, ,-3, ,
0, ,-3, ,
-1, ,-3, ,
-1, ,-3, ,
-1, ,-3, ,
0, ,-3, ,
-1, ,-3, ,
0, ,-3, ,
0, ,-3, ,
-1, ,-3, ,
-1, ,-3, ,
0, ,-3, ,
1, ,-3, ,
0, ,-3, ,
-1, ,-3, ,
0, ,-3, ,
1, ,-3, ,
0, ,-3, ,
-1, ,-3, ,
0, ,-3, ,
1, ,-3, ,
0, ,-3, ,
-1, ,-3, ,
-1, ,-3, ,
0, ,-3, ,
0, ,-3, ,
0, ,-3, ,
0, ,-3, ,
0, ,-3, ,
0, ,-3, ,
0, ,-3, ,
0, ,-3, ,
0, ,-3, ,
0, ,-3, ,
0, ,-3, ,
-1, ,-3, ,
-1, ,-3, ,
0, ,-3, ,
0, ,-3, ,
0, ,-3, ,
-1, ,-3, ,
0, ,-3, ,
0, ,-3, ,
0, ,-3, ,
0, ,-3, ,
-1, ,-3, ,
-1, ,-3, ,
-1, ,-3, ,
0, ,-3, ,
0, ,-3, ,
0, ,-3, ,
0, ,-3, ,
0, ,-3, ,
0, ,-3, ,
0, ,-3, ,
0, ,-3, ,
0, ,-3, ,
-1, ,-3, ,
0, ,-3, ,
0, ,-3, ,
0, ,-3, ,
0, ,-3, ,
0, ,-3, ,
0, ,-3, ,
0, ,-3, ,
0, ,-3, ,
-1, ,-3, ,
-1, ,-3, ,
0, ,-3, ,
0, ,-3, ,
-1, ,-3, ,
-1, ,-3, ,
0, ,-3, ,
6, ,-3, ,
9, ,-3, ,
-21, ,-3, ,
-30, ,-3, ,
2, ,-3, ,
70, ,-3, ,
85, ,-3, ,
-100, ,-3, ,
-128, ,-3, ,
-55, ,-3, ,
127, ,-3, ,
127, ,-3, ,
-128, ,-3, ,
-80, ,-3, ,
120, ,-3, ,
127, ,-3, ,
23, ,-3, ,
-123, ,-3, ,
-128, ,-3, ,
-52, ,-3, ,
18, ,-3, ,
45, ,-3, ,
48, ,-3, ,
38, ,-3, ,
20, ,-3, ,
-4, ,-3, ,
-24, ,-3, ,
-39, ,-3, ,
-46, ,-3, ,
-11, ,-3, ,
45, ,-3, ,
23, ,-3, ,
-21, ,-3, ,
-2, ,-3, ,
22, ,-3, ,
4, ,-3, ,
-9, ,-3, ,
-7, ,-3, ,
-11, ,-3, ,
5, ,-3, ,
32, ,-3, ,
-10, ,-3, ,
-128, ,-3, ,
-128, ,-3, ,
127, ,-3, ,
127, ,-3, ,
127, ,-3, ,
-128, ,-3, ,
-128, ,-3, ,
-62, ,-3, ,
127, ,-3, ,
127, ,-3, ,
-123, ,-3, ,
-128, ,-3, ,
-128, ,-3, ,
-128, ,-3, ,
127, ,-3, ,
127, ,-3, ,
-35, ,-3, ,
-128, ,-3, ,
-72, ,-3, ,
-23, ,-3, ,
-102, ,-3, ,
-128, ,-3, ,
-93, ,-3, ,
-55, ,-3, ,
44, ,-3, ,
127, ,-3, ,
127, ,-3, ,
48, ,-3, ,
-24, ,-3, ,
-29, ,-3, ,
-73, ,-3, ,
-102, ,-3, ,
-59, ,-3, ,
-9, ,-3, ,
11, ,-3, ,
17, ,-3, ,
-4, ,-3, ,
-45, ,-3, ,
-48, ,-3, ,
2, ,-3, ,
56, ,-3, ,
60, ,-3, ,
34, ,-3, ,
15, ,-3, ,
4, ,-3, ,
-12, ,-3, ,
-13, ,-3, ,
-6, ,-3, ,
-22, ,-3, ,
-44, ,-3, ,
-24, ,-3, ,
37, ,-3, ,
88, ,-3, ,
78, ,-3, ,
32, ,-3, ,
-15, ,-3, ,
-57, ,-3, ,
-88, ,-3, ,
-110, ,-3, ,
-126, ,-3, ,
-112, ,-3, ,
-39, ,-3, ,
61, ,-3, ,
109, ,-3, ,
118, ,-3, ,
113, ,-3, ,
99, ,-3, ,
72, ,-3, ,
32, ,-3, ,
-9, ,-3, ,
-44, ,-3, ,
-61, ,-3, ,
-59, ,-3, ,
-44, ,-3, ,
-29, ,-3, ,
-22, ,-3, ,
-15, ,-3, ,
-6, ,-3, ,
-5, ,-3, ,
-11, ,-3, ,
-12, ,-3, ,
-10, ,-3, ,
-5, ,-3, ,
4, ,-3, ,
15, ,-3, ,
22, ,-3, ,
22, ,-3, ,
21, ,-3, ,
21, ,-3, ,
18, ,-3, ,
11, ,-3, ,
-1, ,-3, ,
-13, ,-3, ,
-24, ,-3, ,
-32, ,-3, ,
-34, ,-3, ,
-30, ,-3, ,
-23, ,-3, ,
-13, ,-3, ,
-2, ,-3, ,
11, ,-3, ,
20, ,-3, ,
21, ,-3, ,
20, ,-3, ,
20, ,-3, ,
18, ,-3, ,
15, ,-3, ,
10, ,-3, ,
9, ,-3, ,
9, ,-3, ,
7, ,-3, ,
6, ,-3, ,
5, ,-3, ,
0, ,-3, ,
-9, ,-3, ,
-18, ,-3, ,
-24, ,-3, ,
-28, ,-3, ,
-29, ,-3, ,
-27, ,-3, ,
-17, ,-3, ,
-6, ,-3, ,
1, ,-3, ,
7, ,-3, ,
11, ,-3, ,
15, ,-3, ,
15, ,-3, ,
15, ,-3, ,
13, ,-3, ,
10, ,-3, ,
5, ,-3, ,
1, ,-3, ,
-2, ,-3, ,
-5, ,-3, ,
-5, ,-3, ,
-4, ,-3, ,
-1, ,-3, ,
0, ,-3, ,
0, ,-3, ,
-2, ,-3, ,
-4, ,-3, ,
-5, ,-3, ,
-5, ,-3, ,
-5, ,-3, ,
-4, ,-3, ,
-1, ,-3, ,
1, ,-3, ,
4, ,-3, ,
7, ,-3, ,
9, ,-3, ,
7, ,-3, ,
4, ,-3, ,
1, ,-3, ,
-1, ,-3, ,
-5, ,-3, ,
-9, ,-3, ,
-11, ,-3, ,
-12, ,-3, ,
-11, ,-3, ,
-11, ,-3, ,
-9, ,-3, ,
-6, ,-3, ,
-2, ,-3, ,
1, ,-3, ,
5, ,-3, ,
9, ,-3, ,
10, ,-3, ,
10, ,-3, ,
10, ,-3, ,
9, ,-3, ,
7, ,-3, ,
6, ,-3, ,
4, ,-3, ,
1, ,-3, ,
0, ,-3, ,
-2, ,-3, ,
-4, ,-3, ,
-6, ,-3, ,
-7, ,-3, ,
-7, ,-3, ,
-6, ,-3, ,
-6, ,-3, ,
-4, ,-3, ,
-2, ,-3, ,
-1, ,-3, ,
-1, ,-3, ,
-1, ,-3, ,
0, ,-3, ,
1, ,-3, ,
1, ,-3, ,
2, ,-3, ,
2, ,-3, ,
2, ,-3, ,
2, ,-3, ,
2, ,-3, ,
1, ,-3, ,
1, ,-3, ,
0, ,-3, ,
-2, ,-3, ,
-2, ,-3, ,
-2, ,-3, ,
-2, ,-3, ,
-2, ,-3, ,
-1, ,-3, ,
-1, ,-3, ,
0, ,-3, ,
1, ,-3, ,
1, ,-3, ,
1, ,-3, ,
1, ,-3, ,
0, ,-3, ,
-1, ,-3, ,
-1, ,-3, ,
-1, ,-3, ,
-1, ,-3, ,
-2, ,-3, ,
-1, ,-3, ,
0, ,-3, ,
1, ,-3, ,
1, ,-3, ,
1, ,-3, ,
1, ,-3, ,
0, ,-3, ,
-2, ,-3, ,
-5, ,-3, ,
-6, ,-3, ,
-6, ,-3, ,
-5, ,-3, ,
-2, ,-3, ,
0, ,-3, ,
1, ,-3, ,
1, ,-3, ,
0, ,-3, ,
0, ,-3, ,
0, ,-3, ,
0, ,-3, ,
1, ,-3, ,
1, ,-3, ,
1, ,-3, ,
2, ,-3, ,
2, ,-3, ,
2, ,-3, ,
4, ,-3, ,
2, ,-3, ,
2, ,-3, ,
1, ,-3, ,
0, ,-3, ,
0, ,-3, ,
0, ,-3, ,
0, ,-3, ,
0, ,-3, ,
-1, ,-3, ,
-2, ,-3, ,
-2, ,-3, ,
-1, ,-3, ,
-1, ,-3, ,
0, ,-3, ,
0, ,-3, ,
-1, ,-3, ,
-1, ,-3, ,
-2, ,-3, ,
-4, ,-3, ,
-4, ,-3, ,
-4, ,-3, ,
-4, ,-3, ,
-4, ,-3, ,
-2, ,-3, ,
-1, ,-3, ,
-1, ,-3, ,
0, ,-3, ,
1, ,-3, ,
1, ,-3, ,
2, ,-3, ,
2, ,-3, ,
2, ,-3, ,
2, ,-3, ,
2, ,-3, ,
2, ,-3, ,
1, ,-3, ,
1, ,-3, ,
1, ,-3, ,
0, ,-3, ,
0, ,-3, ,
0, ,-3, ,
-1, ,-3, ,
-1, ,-3, ,
-1, ,-3, ,
-2, ,-3, ,
-1, ,-3, ,
-1, ,-3, ,
0, ,-3, ,
0, ,-3, ,
0, ,-3, ,
0, ,-3, ,
0, ,-3, ,
0, ,-3, ,
0, ,-3, ,
-1, ,-3, ,
-1, ,-3, ,
-1, ,-3, ,
-2, ,-3, ,
-2, ,-3, ,
-2, ,-3, ,
-2, ,-3, ,
-1, ,-3, ,
-1, ,-3, ,
0, ,-3, ,
1, ,-3, ,
1, ,-3, ,
1, ,-3, ,
1, ,-3, ,
0, ,-3, ,
0, ,-3, ,
0, ,-3, ,
0, ,-3, ,
0, ,-3, ,
0, ,-3, ,
0, ,-3, ,
0, ,-3, ,
-1, ,-3, ,
-1, ,-3, ,
-1, ,-3, ,
-1, ,-3, ,
-2, ,-3, ,
-2, ,-3, ,
-1, ,-3, ,
-1, ,-3, ,
-1, ,-3, ,
-1, ,-3, ,
0, ,-3, ,
0, ,-3, ,
0, ,-3, ,
0, ,-3, ,
1, ,-3, ,
1, ,-3, ,
1, ,-3, ,
1, ,-3, ,
1, ,-3, ,
1, ,-3, ,
0, ,-3, ,
-1, ,-3, ,
-1, ,-3, ,
-1, ,-3, ,
0, ,-3, ,
-1, ,-3, ,
-1, ,-3, ,
-1, ,-3, ,
-1, ,-3, ,
-1, ,-3, ,
-1, ,-3, ,
-1, ,-3, ,
-1, ,-3, ,
0, ,-3, ,
0, ,-3, ,
0, ,-3, ,
0, ,-3, ,
0, ,-3, ,
0, ,-3, ,
0, ,-3, ,
0, ,-3, ,
0, ,-3, ,
-1, ,-3, ,
-1, ,-3, ,
-1, ,-3, ,
-1, ,-3, ,
-1, ,-3, ,
-1, ,-3, ,
-1, ,-3, ,
0, ,-3, ,
0, ,-3, ,
0, ,-3, ,
0, ,-3, ,
0, ,-3, ,
0, ,-3, ,
0, ,-3, ,
0, ,-3, ,
0, ,-3, ,
0, ,-3, ,
-1, ,-3, ,
-1, ,-3, ,
-1, ,-3, ,
-1, ,-3, ,
-1, ,-3, ,
0, ,-3, ,
0, ,-3, ,
0, ,-3, ,
-1, ,-3, ,
-1, ,-3, ,
-1, ,-3, ,
-1, ,-3, ,
-1, ,-3, ,
0, ,-3, ,
0, ,-3, ,
0, ,-3, ,
0, ,-3, ,
0, ,-3, ,
0, ,-3, ,
0, ,-3, ,
0, ,-3, ,
0, ,-3, ,
0, ,-3, ,
0, ,-3, ,
0, ,-3, ,
-1, ,-3, ,
0, ,-3, ,
0, ,-3, ,
-1, ,-3, ,
-1, ,-3, ,
-1, ,-3, ,
0, ,-3, ,
0, ,-3, ,
0, ,-3, ,
0, ,-3, ,
0, ,-3, ,
0, ,-3, ,
0, ,-3, ,
0, ,-3, ,
0, ,-3, ,
0, ,-3, ,
0, ,-3, ,
0, ,-3, ,
0, ,-3, ,
0, ,-3, ,
-1, ,-3, ,
0, ,-3, ,
0, ,-3, ,
-1, ,-3, ,
-1, ,-3, ,
-1, ,-3, ,
-1, ,-3, ,
-1, ,-3, ,
-1, ,-3, ,
-1, ,-3, ,
0, ,-3, ,
-1, ,-3, ,
-1, ,-3, ,
0, ,-3, ,
0, ,-3, ,
0, ,-3, ,
0, ,-3, ,
0, ,-3, ,
0, ,-3, ,
0, ,-3, ,
0, ,-3, ,
0, ,-3, ,
0, ,-3, ,
0, ,-3, ,
0, ,-3, ,
0, ,-3, ,
0, ,-3, ,
0, ,-3, ,
0, ,-3, ,
0, ,-3, ,
0, ,-3, ,
0, ,-3, ,
0, ,-3, ,
0, ,-3, ,
0, ,-3, ,
-1, ,-3, ,
0, ,-3, ,
0, ,-3, ,
-1, ,-3, ,
-1, ,-3, ,
-1, ,-3, ,
-1, ,-3, ,
-1, ,-3, ,
-1, ,-3, ,
-1, ,-3, ,
-1, ,-3, ,
-1, ,-3, ,
-1, ,-3, ,
-1, ,-3, ,
-1, ,-3, ,
-1, ,-3, ,
-1, ,-3, ,
-1, ,-3, ,
0, ,-3, ,
0, ,-3, ,
0, ,-3, ,
0, ,-3, ,
0, ,-3, ,
0, ,-3, ,
0, ,-3, ,
0, ,-3, ,
0, ,-3, ,
0, ,-3, ,
0, ,-3, ,
0, ,-3, ,
0, ,-3, ,
0, ,-3, ,
0, ,-3, ,
0, ,-3, ,
-1, ,-3, ,
0, ,-3, ,
-1, ,-3, ,
0, ,-3, ,
-1, ,-3, ,
-1, ,-3, ,
-1, ,-3, ,
-1, ,-3, ,
0, ,-3, ,
0, ,-3, ,
0, ,-3, ,
0, ,-3, ,
0, ,-3, ,
0, ,-3, ,
0, ,-3, ,
0, ,-3, ,
-1, ,-3, ,
0, ,-3, ,
-1, ,-3, ,
-1, ,-3, ,
0, ,-3, ,
0, ,-3, ,
-1, ,-3, ,
-1, ,-3, ,
-1, ,-3, ,
0, ,-3, ,
0, ,-3, ,
0, ,-3, ,
0, ,-3, ,
0, ,-3, ,
0, ,-3, ,
0, ,-3, ,
0, ,-3, ,
0, ,-3, ,
0, ,-3, ,
0, ,-3, ,
0, ,-3, ,
0, ,-3, ,
-1, ,-3, ,
-1, ,-3, ,
0, ,-3, ,
0, ,-3, ,
-1, ,-3, ,
-1, ,-3, ,
-1, ,-3, ,
-1, ,-3, ,
-1, ,-3, ,
0, ,-3, ,
0, ,-3, ,
0, ,-3, ,
0, ,-3, ,
-1, ,-3, ,
-1, ,-3, ,
0, ,-3, ,
0, ,-3, ,
0, ,-3, ,
0, ,-3, ,
0, ,-3, ,
0, ,-3, ,
0, ,-3, ,
0, ,-3, ,
0, ,-3, ,
0, ,-3, ,
0, ,-3, ,
0, ,-3, ,
0, ,-3, ,
0, ,-3, ,
0, ,-3, ,
0, ,-3, ,
0, ,-3, ,
0, ,-3, ,
0, ,-3, ,
-1, ,-3, ,
-1, ,-3, ,
-1, ,-3, ,
-1, ,-3, ,
-1, ,-3, ,
-1, ,-3, ,
0, ,-3, ,
0, ,-3, ,
0, ,-3, ,
0, ,-3, ,
0, ,-3, ,
0, ,-3, ,
0, ,-3, ,
0, ,-3, ,
-1, ,-3, ,
-1, ,-3, ,
0, ,-3, ,
0, ,-3, ,
0, ,-3, ,
0, ,-3, ,
0, ,-3, ,
0, ,-3, ,
-1, ,-3, ,
-1, ,-3, ,
0, ,-3, ,
0, ,-3, ,
0, ,-3, ,
0, ,-3, ,
0, ,-3, ,
0, ,-3, ,
0, ,-3, ,
-1, ,-3, ,
0, ,-3, ,
0, ,-3, ,
0, ,-3, ,
0, ,-3, ,
-1, ,-3, ,
-1, ,-3, ,
-1, ,-3, ,
0, ,-3, ,
0, ,-3, ,
-1, ,-3, ,
0, ,-3, ,
0, ,-3, ,
0, ,-3, ,
0, ,-3, ,
0, ,-3, ,
0, ,-3, ,
0, ,-3, ,
0, ,-3, ,
0, ,-3, ,
-1, ,-3, ,
0, ,-3, ,
0, ,-3, ,
0, ,-3, ,
0, ,-3, ,
0, ,-3, ,
-1, ,-3, ,
-1, ,-3, ,
0, ,-3, ,
0, ,-3, ,
0, ,-3, ,
-1, ,-3, ,
0, ,-3, ,
0, ,-3, ,
0, ,-3, ,
0, ,-3, ,
0, ,-3, ,
0, ,-3, ,
0, ,-3, ,
0, ,-3, ,
0, ,-3, ,
0, ,-3, ,
0, ,-3, ,
0, ,-3, ,
0, ,-3, ,
0, ,-3, ,
0, ,-3, ,
-1, ,-3, ,
0, ,-3, ,
0, ,-3, ,
0, ,-3, ,
0, ,-3, ,
0, ,-3, ,
0, ,-3, ,
0, ,-3, ,
-1, ,-3, ,
-1, ,-3, ,
-1, ,-3, ,
-1, ,-3, ,
0, ,-3, ,
0, ,-3, ,
0, ,-3, ,
0, ,-3, ,
0, ,-3, ,
0, ,-3, ,
0, ,-3, ,
0, ,-3, ,
0, ,-3, ,
0, ,-3, ,
0, ,-3, ,
0, ,-3, ,
0, ,-3, ,
0, ,-3, ,
0, ,-3, ,
0, ,-3, ,
0, ,-3, ,
0, ,-3, ,
0, ,-3, ,
0, ,-3, ,
0, ,-3, ,
0, ,-3, ,
0, ,-3, ,
0, ,-3, ,
0, ,-3, ,
0, ,-3, ,
0, ,-3, ,
0, ,-3, ,
-1, ,-3, ,
0, ,-3, ,
0, ,-3, ,
0, ,-3, ,
0, ,-3, ,
0, ,-3, ,
0, ,-3, ,
0, ,-3, ,
0, ,-3, ,
0, ,-3, ,
0, ,-3, ,
0, ,-3, ,
0, ,-3, ,
0, ,-3, ,
0, ,-3, ,
0, ,-3, ,
0, ,-3, ,
0, ,-3, ,
0, ,-3, ,
0, ,-3, ,
0, ,-3, ,
0, ,-3, ,
0, ,-3, ,
0, ,-3, ,
0, ,-3, ,
0, ,-3, ,
0, ,-3, ,
0, ,-3, ,
0, ,-3, ,
0, ,-3, ,
0, ,-3, ,
0, ,-3, ,
0, ,-3, ,
0, ,-3, ,
0, ,-3, ,
0, ,-3, ,
0, ,-3, ,
0, ,-3, ,
0, ,-3, ,
0, ,-3, ,
0, ,-3, ,
0, ,-3, ,
0, ,-3, ,
0, ,-3, ,
0, ,-3, ,
0, ,-3, ,
0, ,-3, ,
0, ,-3, ,
0, ,-3, ,
0, ,-3, ,
0, ,-3, ,
0, ,-3, ,
0, ,-3, ,
0, ,-3, ,
0, ,-3, ,
0, ,-3, ,
0, ,-3, ,
0, ,-3, ,
0, ,-3, ,
0, ,-3, ,
0, ,-3, ,
0, ,-3, ,
0, ,-3, ,
0, ,-3, ,
0, ,-3, ,
0, ,-3, ,
0, ,-3, ,
0, ,-3, ,
0, ,-3, ,
-1, ,-3, ,
0, ,-3, ,
0, ,-3, ,
0, ,-3, ,
0, ,-3, ,
0, ,-3, ,
0, ,-3, ,
0, ,-3, ,
0, ,-3, ,
0, ,-3, ,
0, ,-3, ,
0, ,-3, ,
0, ,-3, ,
-1, ,-3, ,
-1, ,-3, ,
0, ,-3, ,
0, ,-3, ,
0, ,-3, ,
0, ,-3, ,
0, ,-3, ,
0, ,-3, ,
0, ,-3, ,
0, ,-3, ,
0, ,-3, ,
0, ,-3, ,
0, ,-3, ,
0, ,-3, ,
0, ,-3, ,
0, ,-3, ,
0, ,-3, ,
0, ,-3, ,
0, ,-3, ,
0, ,-3, ,
0, ,-3, ,
0, ,-3, ,
0, ,-3, ,
0, ,-3, ,
0, ,-3, ,
0, ,-3, ,
0, ,-3, ,
0, ,-3, ,
0, ,-3, ,
0, ,-3, ,
0, ,-3, ,
0, ,-3, ,
0, ,-3, ,
0, ,-3, ,
0, ,-3, ,
0, ,-3, ,
0, ,-3, ,
0, ,-3, ,
0, ,-3, ,
0, ,-3, ,
0, ,-3, ,
0, ,-3, ,
0, ,-3, ,
0, ,-3, ,
0, ,-3, ,
0, ,-3, ,
0, ,-3, ,
-1, ,-3, ,
0, ,-3, ,
0, ,-3, ,
0, ,-3, ,
0, ,-3, ,
0, ,-3, ,
0, ,-3, ,
0, ,-3, ,
0, ,-3, ,
0, ,-3, ,
0, ,-3, ,
0, ,-3, ,
0, ,-3, ,
0, ,-3, ,
0, ,-3, ,
0, ,-3, ,
0, ,-3, ,
0, ,-3, ,
0, ,-3, ,
0, ,-3, ,
0, ,-3, ,
0, ,-3, ,
0, ,-3, ,
0, ,-3, ,
0, ,-3, ,
0, ,-3, ,
0, ,-3, ,
0, ,-3, ,
0, ,-3, ,
0, ,-3, ,
0, ,-3, ,
0, ,-3, ,
0, ,-3, ,
0, ,-3, ,
0, ,-3, ,
0, ,-3, ,
0, ,-3, ,
0, ,-3, ,
0, ,-3, ,
0, ,-3, ,
-1, ,-3, ,
-1, ,-3, ,
-1, ,-3, ,
0, ,-3, ,
0, ,-3, ,
0, ,-3, ,
0, ,-3, ,
0, ,-3, ,
0, ,-3, ,
0, ,-3, ,
0, ,-3, ,
0, ,-3, ,
0, ,-3, ,
0, ,-3, ,
0, ,-3, ,
0, ,-3, ,
0, ,-3, ,
0, ,-3, ,
0, ,-3, ,
0, ,-3, ,
0, ,-3, ,
0, ,-3, ,
0, ,-3, ,
0, ,-3, ,
0, ,-3, ,
0, ,-3, ,
0, ,-3, ,
0, ,-3, ,
0, ,-3, ,
0, ,-3, ,
0, ,-3, ,
0, ,-3, ,
0, ,-3, ,
0, ,-3, ,
0, ,-3, ,
0, ,-3, ,
0, ,-3, ,
0, ,-3, ,
0, ,-3, ,
0, ,-3, ,
0, ,-3, ,
0, ,-3, ,
0, ,-3, ,
0, ,-3, ,
0, ,-3, ,
0, ,-3, ,
0, ,-3, ,
0, ,-3, ,
0, ,-3, ,
0, ,-3, ,
0, ,-3, ,
-1, ,-3, ,
0, ,-3, ,
0, ,-3, ,
0, ,-3, ,
0, ,-3, ,
0, ,-3, ,
0, ,-3, ,
0, ,-3, ,
0, ,-3, ,
0, ,-3, ,
0, ,-3, ,
0, ,-3, ,
0, ,-3, ,
0, ,-3, ,
0, ,-3, ,
-1, ,-3, ,
-1, ,-3, ,
-1, ,-3, ,
0, ,-3, ,
0, ,-3, ,
0, ,-3, ,
0, ,-3, ,
0, ,-3, ,
0, ,-3, ,
0, ,-3, ,
0, ,-3, ,
0, ,-3, ,
0, ,-3, ,
-1, ,-3, ,
0, ,-3, ,
0, ,-3, ,
0, ,-3, ,
0, ,-3, ,
0, ,-3, ,
0, ,-3, ,
0, ,-3, ,
0, ,-3, ,
-1, ,-3, ,
0, ,-3, ,
-1, ,-3, ,
0, ,-3, ,
0, ,-3, ,
0, ,-3, ,
0, ,-3, ,
0, ,-3, ,
0, ,-3, ,
0, ,-3, ,
0, ,-3, ,
0, ,-3, ,
0, ,-3, ,
0, ,-3, ,
0, ,-3, ,
0, ,-3, ,
0, ,-3, ,
0, ,-3, ,
0, ,-3, ,
-1, ,-3, ,
0, ,-3, ,
0, ,-3, ,
0, ,-3, ,
0, ,-3, ,
-1, ,-3, ,
0, ,-3, ,
0, ,-3, ,
0, ,-3, ,
0, ,-3, ,
0, ,-3, ,
0, ,-3, ,
0, ,-3, ,
0, ,-3, ,
0, ,-3, ,
0, ,-3, ,
0, ,-3, ,
0, ,-3, ,
0, ,-3, ,
0, ,-3, ,
0, ,-3, ,
0, ,-3, ,
0, ,-3, ,
0, ,-3, ,
0, ,-3, ,
0, ,-3, ,
0, ,-3, ,
0, ,-3, ,
0, ,-3, ,
0, ,-3, ,
0, ,-3, ,
0, ,-3, ,
0, ,-3, ,
0, ,-3, ,
0, ,-3, ,
0, ,-3, ,
0, ,-3, ,
0, ,-3, ,
0, ,-3, ,
0, ,-3, ,
0, ,-3, ,
0, ,-3, ,
0, ,-3, ,
0, ,-3, ,
0, ,-3, ,
0, ,-3, ,
0, ,-3, ,
-1, ,-3, ,
0, ,-3, ,
0, ,-3, ,
0, ,-3, ,
0, ,-3, ,
0, ,-3, ,
0, ,-3, ,
0, ,-3, ,
0, ,-3, ,
0, ,-3, ,
0, ,-3, ,
0, ,-3, ,
0, ,-3, ,
-1, ,-3, ,
0, ,-3, ,
0, ,-3, ,
0, ,-3, ,
0, ,-3, ,
-1, ,-3, ,
0, ,-3, ,
0, ,-3, ,
0, ,-3, ,
0, ,-3, ,
0, ,-3, ,
0, ,-3, ,
0, ,-3, ,
0, ,-3, ,
0, ,-3, ,
0, ,-3, ,
0, ,-3, ,
0, ,-3, ,
-1, ,-3, ,
0, ,-3, ,
0, ,-3, ,
0, ,-3, ,
0, ,-3, ,
0, ,-3, ,
0, ,-3, ,
0, ,-3, ,
0, ,-3, ,
0, ,-3, ,
-1, ,-3, ,
0, ,-3, ,
0, ,-3, ,
0, ,-3, ,
0, ,-3, ,
0, ,-3, ,
0, ,-3, ,
0, ,-3, ,
0, ,-3, ,
0, ,-3, ,
0, ,-3, ,
0, ,-3, ,
0, ,-3, ,
0, ,-3, ,
-1, ,-3, ,
-1, ,-3, ,
0, ,-3, ,
0, ,-3, ,
0, ,-3, ,
0, ,-3, ,
0, ,-3, ,
0, ,-3, ,
0, ,-3, ,
0, ,-3, ,
0, ,-3, ,
0, ,-3, ,
0, ,-3, ,
0, ,-3, ,
0, ,-3, ,
0, ,-3, ,
0, ,-3, ,
0, ,-3, ,
0, ,-3, ,
-1, ,-3, ,
0, ,-3, ,
0, ,-3, ,
-1, ,-3, ,
0, ,-3, ,
0, ,-3, ,
0, ,-3, ,
-1, ,-3, ,
0, ,-3, ,
0, ,-3, ,
0, ,-3, ,
0, ,-3, ,
0, ,-3, ,
0, ,-3, ,
0, ,-3, ,
0, ,-3, ,
0, ,-3, ,
0, ,-3, ,
0, ,-3, ,
0, ,-3, ,
0, ,-3, ,
0, ,-3, ,
0, ,-3, ,
0, ,-3, ,
0, ,-3, ,
0, ,-3, ,
0, ,-3, ,
0, ,-3, ,
0, ,-3, ,
0, ,-3, ,
0, ,-3, ,
0, ,-3, ,
0, ,-3, ,
0, ,-3, ,
0, ,-3, ,
0, ,-3, ,
0, ,-3, ,
0, ,-3, ,
0, ,-3, ,
0, ,-3, ,
0, ,-3, ,
0, ,-3, ,
0, ,-3, ,
0, ,-3, ,
0, ,-3, ,
0, ,-3, ,
0, ,-3, ,
0, ,-3, ,
0, ,-3, ,
0, ,-3, ,
0, ,-3, ,
0, ,-3, ,
0, ,-3, ,
0, ,-3, ,
0, ,-3, ,
0, ,-3, ,
0, ,-3, ,
-1, ,-3, ,
0, ,-3, ,
0, ,-3, ,
0, ,-3, ,
0, ,-3, ,
0, ,-3, ,
0, ,-3, ,
0, ,-3, ,
0, ,-3, ,
0, ,-3, ,
0, ,-3, ,
0, ,-3, ,
0, ,-3, ,
0, ,-3, ,
0, ,-3, ,
0, ,-3, ,
0, ,-3, ,
0, ,-3, ,
0, ,-3, ,
0, ,-3, ,
0, ,-3, ,
0, ,-3, ,
0, ,-3, ,
0, ,-3, ,
0, ,-3, ,
0, ,-3, ,
0, ,-3, ,
0, ,-3, ,
0, ,-3, ,
0, ,-3, ,
0, ,-3, ,
0, ,-3, ,
0, ,-3, ,
0, ,-3, ,
-1, ,-3, ,
0, ,-3, ,
0, ,-3, ,
0, ,-3, ,
0, ,-3, ,
0, ,-3, ,
0, ,-3, ,
0, ,-3, ,
0, ,-3, ,
-1, ,-3, ,
0, ,-3, ,
0, ,-3, ,
0, ,-3, ,
0, ,-3, ,
0, ,-3, ,
0, ,-3, ,
0, ,-3, ,
0, ,-3, ,
0, ,-3, ,
0, ,-3, ,
0, ,-3, ,
0, ,-3, ,
0, ,-3, ,
0, ,-3, ,
0, ,-3, ,
0, ,-3, ,
0, ,-3, ,
0, ,-3, ,
0, ,-3, ,
0, ,-3, ,
0, ,-3, ,
0, ,-3, ,
0, ,-3, ,
0, ,-3, ,
-1, ,-3, ,
0, ,-3, ,
0, ,-3, ,
0, ,-3, ,
0, ,-3, ,
0, ,-3, ,
0, ,-3, ,
0, ,-3, ,
0, ,-3, ,
0, ,-3, ,
0, ,-3, ,
0, ,-3, ,
0, ,-3, ,
0, ,-3, ,
0, ,-3, ,
0, ,-3, ,
0, ,-3, ,
0, ,-3, ,
0, ,-3, ,
0, ,-3, ,
0, ,-3, ,
0, ,-3, ,
0, ,-3, ,
0, ,-3, ,
0, ,-3, ,
0, ,-3, ,
0, ,-3, ,
0, ,-3, ,
0, ,-3, ,
0, ,-3, ,
0, ,-3, ,
0, ,-3, ,
0, ,-3, ,
0, ,-3, ,
0, ,-3, ,
-1, ,-3, ,
0, ,-3, ,
0, ,-3, ,
0, ,-3, ,
0, ,-3, ,
0, ,-3, ,
0, ,-3, ,
0, ,-3, ,
-1, ,-3, ,
0, ,-3, ,
0, ,-3, ,
0, ,-3, ,
0, ,-3, ,
0, ,-3, ,
0, ,-3, ,
0, ,-3, ,
0, ,-3, ,
0, ,-3, ,
0, ,-3, ,
0, ,-3, ,
-1, ,-3, ,
-1, ,-3, ,
0, ,-3, ,
0, ,-3, ,
0, ,-3, ,
0, ,-3, ,
0, ,-3, ,
-1, ,-3, ,
-1, ,-3, ,
0, ,-3, ,
0, ,-3, ,
0, ,-3, ,
0, ,-3, ,
0, ,-3, ,
0, ,-3, ,
0, ,-3, ,
-1, ,-3, ,
0, ,-3, ,
0, ,-3, ,
0, ,-3, ,
0, ,-3, ,
0, ,-3, ,
0, ,-3, ,
0, ,-3, ,
0, ,-3, ,
0, ,-3, ,
0, ,-3, ,
-1, ,-3, ,
0, ,-3, ,
0, ,-3, ,
0, ,-3, ,
0, ,-3, ,
0, ,-3, ,
0, ,-3, ,
-1, ,-3, ,
0, ,-3, ,
0, ,-3, ,
0, ,-3, ,
0, ,-3, ,
0, ,-3, ,
0, ,-3, ,
0, ,-3, ,
0, ,-3, ,
0, ,-3, ,
0, ,-3, ,
0, ,-3, ,
0, ,-3, ,
0, ,-3, ,
0, ,-3, ,
0, ,-3, ,
0, ,-3, ,
0, ,-3, ,
0, ,-3, ,
0, ,-3, ,
0, ,-3, ,
0, ,-3, ,
0, ,-3, ,
0, ,-3, ,
0, ,-3, ,
0, ,-3, ,
0, ,-3, ,
0, ,-3, ,
0, ,-3, ,
0, ,-3, ,
0, ,-3, ,
0, ,-3, ,
0, ,-3, ,
0, ,-3, ,
0, ,-3, ,
0, ,-3, ,
0, ,-3, ,
0, ,-3, ,
0, ,-3, ,
0, ,-3, ,
0, ,-3, ,
0, ,-3, ,
0, ,-3, ,
0, ,-3, ,
-1, ,-3, ,
0, ,-3, ,
0, ,-3, ,
0, ,-3, ,
0, ,-3, ,
0, ,-3, ,
0, ,-3, ,
0, ,-3, ,
0, ,-3, ,
0, ,-3, ,
0, ,-3, ,
0, ,-3, ,
0, ,-3, ,
0, ,-3, ,
-1, ,-3, ,
-1, ,-3, ,
-1, ,-3, ,
0, ,-3, ,
0, ,-3, ,
0, ,-3, ,
0, ,-3, ,
0, ,-3, ,
0, ,-3, ,
-1, ,-3, ,
0, ,-3, ,
0, ,-3, ,
0, ,-3, ,
0, ,-3, ,
0, ,-3, ,
-1, ,-3, ,
0, ,-3, ,
0, ,-3, ,
0, ,-3, ,
0, ,-3, ,
0, ,-3, ,
0, ,-3, ,
0, ,-3, ,
0, ,-3, ,
0, ,-3, ,
0, ,-3, ,
0, ,-3, ,
0, ,-3, ,
0, ,-3, ,
0, ,-3, ,
0, ,-3, ,
0, ,-3, ,
0, ,-3, ,
0, ,-3, ,
0, ,-3, ,
0, ,-3, ,
0, ,-3, ,
0, ,-3, ,
0, ,-3, ,
-1, ,-3, ,
-1, ,-3, ,
0, ,-3, ,
0, ,-3, ,
0, ,-3, ,
0, ,-3, ,
0, ,-3, ,
0, ,-3, ,
0, ,-3, ,
0, ,-3, ,
0, ,-3, ,
-1, ,-3, ,
-1, ,-3, ,
0, ,-3, ,
0, ,-3, ,
0, ,-3, ,
0, ,-3, ,
0, ,-3, ,
-1, ,-3, ,
0, ,-3, ,
0, ,-3, ,
0, ,-3, ,
0, ,-3, ,
0, ,-3, ,
0, ,-3, ,
0, ,-3, ,
0, ,-3, ,
0, ,-3, ,
-1, ,-3, ,
0, ,-3, ,
-1, ,-3, ,
0, ,-3, ,
0, ,-3, ,
0, ,-3, ,
0, ,-3, ,
0, ,-3, ,
-1, ,-3, ,
-1, ,-3, ,
-1, ,-3, ,
0, ,-3, ,
0, ,-3, ,
0, ,-3, ,
0, ,-3, ,
0, ,-3, ,
0, ,-3, ,
0, ,-3, ,
0, ,-3, ,
-1, ,-3, ,
-1, ,-3, ,
0, ,-3, ,
0, ,-3, ,
0, ,-3, ,
0, ,-3, ,
0, ,-3, ,
0, ,-3, ,
0, ,-3, ,
0, ,-3, ,
0, ,-3, ,
0, ,-3, ,
0, ,-3, ,
0, ,-3, ,
0, ,-3, ,
0, ,-3, ,
0, ,-3, ,
0, ,-3, ,
0, ,-3, ,
0, ,-3, ,
0, ,-3, ,
0, ,-3, ,
0, ,-3, ,
0, ,-3, ,
0, ,-3, ,
0, ,-3, ,
0, ,-3, ,
0, ,-3, ,
0, ,-3, ,
0, ,-3, ,
0, ,-3, ,
0, ,-3, ,
0, ,-3, ,
0, ,-3, ,
0, ,-3, ,
0, ,-3, ,
0, ,-3, ,
0, ,-3, ,
0, ,-3, ,
0, ,-3, ,
0, ,-3, ,
0, ,-3, ,
0, ,-3, ,
0, ,-3, ,
0, ,-3, ,
0, ,-3, ,
0, ,-3, ,
0, ,-3, ,
0, ,-3, ,
0, ,-3, ,
0, ,-3, ,
0, ,-3, ,
0, ,-3, ,
0, ,-3, ,
0, ,-3, ,
0, ,-3, ,
0, ,-3, ,
-1, ,-3, ,
0, ,-3, ,
0, ,-3, ,
0, ,-3, ,
0, ,-3, ,
0, ,-3, ,
-1, ,-3, ,
0, ,-3, ,
0, ,-3, ,
0, ,-3, ,
-1, ,-3, ,
0, ,-3, ,
0, ,-3, ,
0, ,-3, ,
0, ,-3, ,
-1, ,-3, ,
0, ,-3, ,
0, ,-3, ,
0, ,-3, ,
0, ,-3, ,
0, ,-3, ,
0, ,-3, ,
0, ,-3, ,
0, ,-3, ,
0, ,-3, ,
0, ,-3, ,
0, ,-3, ,
0, ,-3, ,
0, ,-3, ,
0, ,-3, ,
0, ,-3, ,
0, ,-3, ,
0, ,-3, ,
0, ,-3, ,
0, ,-3, ,
-1, ,-3, ,
-1, ,-3, ,
0, ,-3, ,
0, ,-3, ,
0, ,-3, ,
-1, ,-3, ,
-1, ,-3, ,
0, ,-3, ,
0, ,-3, ,
0, ,-3, ,
0, ,-3, ,
0, ,-3, ,
0, ,-3, ,
0, ,-3, ,
0, ,-3, ,
0, ,-3, ,
0, ,-3, ,
0, ,-3, ,
0, ,-3, ,
0, ,-3, ,
0, ,-3, ,
0, ,-3, ,
0, ,-3, ,
0, ,-3, ,
0, ,-3, ,
0, ,-3, ,
0, ,-3, ,
0, ,-3, ,
0, ,-3, ,
0, ,-3, ,
0, ,-3, ,
0, ,-3, ,
0, ,-3, ,
-1, ,-3, ,
0, ,-3, ,
0, ,-3, ,
0, ,-3, ,
-1, ,-3, ,
-1, ,-3, ,
0, ,-3, ,
0, ,-3, ,
0, ,-3, ,
0, ,-3, ,
0, ,-3, ,
0, ,-3, ,
0, ,-3, ,
0, ,-3, ,
0, ,-3, ,
0, ,-3, ,
0, ,-3, ,
0, ,-3, ,
0, ,-3, ,
0, ,-3, ,
-1, ,-3, ,
0, ,-3, ,
0, ,-3, ,
0, ,-3, ,
0, ,-3, ,
0, ,-3, ,
0, ,-3, ,
0, ,-3, ,
0, ,-3, ,
0, ,-3, ,
0, ,-3, ,
0, ,-3, ,
0, ,-3, ,
0, ,-3, ,
0, ,-3, ,
0, ,-3, ,
0, ,-3, ,
0, ,-3, ,
0, ,-3, ,
0, ,-3, ,
0, ,-3, ,
0, ,-3, ,
0, ,-3, ,
0, ,-3, ,
0, ,-3, ,
0, ,-3, ,
0, ,-3, ,
0, ,-3, ,
0, ,-3, ,
0, ,-3, ,
0, ,-3, ,
0, ,-3, ,
0, ,-3, ,
-1, ,-3, ,
0, ,-3, ,
0, ,-3, ,
0, ,-3, ,
0, ,-3, ,
0, ,-3, ,
0, ,-3, ,
0, ,-3, ,
0, ,-3, ,
0, ,-3, ,
0, ,-3, ,
0, ,-3, ,
0, ,-3, ,
0, ,-3, ,
0, ,-3, ,
0, ,-3, ,
0, ,-3, ,
0, ,-3, ,
0, ,-3, ,
-1, ,-3, ,
0, ,-3, ,
0, ,-3, ,
0, ,-3, ,
0, ,-3, ,
0, ,-3, ,
0, ,-3, ,
0, ,-3, ,
0, ,-3, ,
0, ,-3, ,
0, ,-3, ,
0, ,-3, ,
0, ,-3, ,
0, ,-3, ,
0, ,-3, ,
0, ,-3, ,
0, ,-3, ,
0, ,-3, ,
0, ,-3, ,
0, ,-3, ,
0, ,-3, ,
0, ,-3, ,
0, ,-3, ,
0, ,-3, ,
0, ,-3, ,
0, ,-3, ,
0, ,-3, ,
0, ,-3, ,
0, ,-3, ,
0, ,-3, ,
0, ,-3, ,
0, ,-3, ,
0, ,-3, ,
0, ,-3, ,
0, ,-3, ,
0, ,-3, ,
0, ,-3, ,
0, ,-3, ,
0, ,-3, ,
0, ,-3, ,
-1, ,-3, ,
0, ,-3, ,
0, ,-3, ,
0, ,-3, ,
0, ,-3, ,
-1, ,-3, ,
0, ,-3, ,
0, ,-3, ,
0, ,-3, ,
0, ,-3, ,
0, ,-3, ,
0, ,-3, ,
0, ,-3, ,
0, ,-3, ,
0, ,-3, ,
0, ,-3, ,
0, ,-3, ,
0, ,-3, ,
0, ,-3, ,
0, ,-3, ,
0, ,-3, ,
0, ,-3, ,
0, ,-3, ,
0, ,-3, ,
0, ,-3, ,
0, ,-3, ,
0, ,-3, ,
0, ,-3, ,
0, ,-3, ,
0, ,-3, ,
0, ,-3, ,
0, ,-3, ,
0, ,-3, ,
0, ,-3, ,
0, ,-3, ,
0, ,-3, ,
0, ,-3, ,
0, ,-3, ,
0, ,-3, ,
0, ,-3, ,
0, ,-3, ,
0, ,-3, ,
0, ,-3, ,
-1, ,-3, ,
0, ,-3, ,
0, ,-3, ,
0, ,-3, ,
0, ,-3, ,
0, ,-3, ,
0, ,-3, ,
0, ,-3, ,
0, ,-3, ,
0, ,-3, ,
0, ,-3, ,
0, ,-3, ,
0, ,-3, ,
0, ,-3, ,
0, ,-3, ,
0, ,-3, ,
0, ,-3, ,
0, ,-3, ,
0, ,-3, ,
0, ,-3, ,
0, ,-3, ,
0, ,-3, ,
0, ,-3, ,
0, ,-3, ,
0, ,-3, ,
0, ,-3, ,
0, ,-3, ,
0, ,-3, ,
0, ,-3, ,
0, ,-3, ,
0, ,-3, ,
0, ,-3, ,
0, ,-3, ,
0, ,-3, ,
0, ,-3, ,
0, ,-3, ,
0, ,-3, ,
0, ,-3, ,
0, ,-3, ,
0, ,-3, ,
0, ,-3, ,
0, ,-3, ,
0, ,-3, ,
0, ,-3, ,
0, ,-3, ,
0, ,-3, ,
0, ,-3, ,
0, ,-3, ,
-1, ,-3, ,
0, ,-3, ,
0, ,-3, ,
0, ,-3, ,
-1, ,-3, ,
-1, ,-3, ,
-1, ,-3, ,
0, ,-3, ,
0, ,-3, ,
0, ,-3, ,
0, ,-3, ,
0, ,-3, ,
0, ,-3, ,
0, ,-3, ,
0, ,-3, ,
0, ,-3, ,
0, ,-3, ,
0, ,-3, ,
0, ,-3, ,
0, ,-3, ,
0, ,-3, ,
0, ,-3, ,
0, ,-3, ,
0, ,-3, ,
0, ,-3, ,
0, ,-3, ,
0, ,-3, ,
0, ,-3, ,
0, ,-3, ,
0, ,-3, ,
0, ,-3, ,
0, ,-3, ,
0, ,-3, ,
0, ,-3, ,
0, ,-3, ,
0, ,-3, ,
0, ,-3, ,
0, ,-3, ,
0, ,-3, ,
0, ,-3, ,
0, ,-3, ,
0, ,-3, ,
0, ,-3, ,
0, ,-3, ,
0, ,-3, ,
0, ,-3, ,
0, ,-3, ,
0, ,-3, ,
0, ,-3, ,
0, ,-3, ,
0, ,-3, ,
0, ,-3, ,
0, ,-3, ,
0, ,-3, ,
0, ,-3, ,
0, ,-3, ,
0, ,-3, ,
0, ,-3, ,
0, ,-3, ,
0, ,-3, ,
0, ,-3, ,
0, ,-3, ,
0, ,-3, ,
0, ,-3, ,
0, ,-3, ,
0, ,-3, ,
-1, ,-3, ,
0, ,-3, ,
0, ,-3, ,
0, ,-3, ,
0, ,-3, ,
0, ,-3, ,
0, ,-3, ,
0, ,-3, ,
0, ,-3, ,
0, ,-3, ,
0, ,-3, ,
0, ,-3, ,
-1, ,-3, ,
0, ,-3, ,
0, ,-3, ,
0, ,-3, ,
0, ,-3, ,
0, ,-3, ,
0, ,-3, ,
0, ,-3, ,
0, ,-3, ,
0, ,-3, ,
0, ,-3, ,
0, ,-3, ,
0, ,-3, ,
0, ,-3, ,
0, ,-3, ,
0, ,-3, ,
0, ,-3, ,
0, ,-3, ,
0, ,-3, ,
0, ,-3, ,
-1, ,-3, ,
0, ,-3, ,
0, ,-3, ,
0, ,-3, ,
0, ,-3, ,
0, ,-3, ,
0, ,-3, ,
0, ,-3, ,
0, ,-3, ,
0, ,-3, ,
0, ,-3, ,
0, ,-3, ,
0, ,-3, ,
0, ,-3, ,
0, ,-3, ,
0, ,-3, ,
0, ,-3, ,
0, ,-3, ,
0, ,-3, ,
0, ,-3, ,
0, ,-3, ,
0, ,-3, ,
0, ,-3, ,
0, ,-3, ,
0, ,-3, ,
0, ,-3, ,
0, ,-3, ,
0, ,-3, ,
0, ,-3, ,
0, ,-3, ,
0, ,-3, ,
0, ,-3, ,
0, ,-3, ,
0, ,-3, ,
0, ,-3, ,
0, ,-3, ,
0, ,-3, ,
0, ,-3, ,
0, ,-3, ,
0, ,-3, ,
0, ,-3, ,
0, ,-3, ,
0, ,-3, ,
0, ,-3, ,
0, ,-3, ,
0, ,-3, ,
0, ,-3, ,
0, ,-3, ,
0, ,-3, ,
0, ,-3, ,
0, ,-3, ,
0, ,-3, ,
0, ,-3, ,
0, ,-3, ,
0, ,-3, ,
0, ,-3, ,
0, ,-3, ,
0, ,-3, ,
0, ,-3, ,
0, ,-3, ,
0, ,-3, ,
0, ,-3, ,
0, ,-3, ,
0, ,-3, ,
0, ,-3, ,
0, ,-3, ,
0, ,-3, ,
0, ,-3, ,
0, ,-3, ,
0, ,-3, ,
0, ,-3, ,
0, ,-3, ,
0, ,-3, ,
0, ,-3, ,
0, ,-3, ,
0, ,-3, ,
0, ,-3, ,
0, ,-3, ,
0, ,-3, ,
0, ,-3, ,
0, ,-3, ,
0, ,-3, ,
0, ,-3, ,
0, ,-3, ,
-1, ,-3, ,
-1, ,-3, ,
0, ,-3, ,
0, ,-3, ,
0, ,-3, ,
0, ,-3, ,
0, ,-3, ,
0, ,-3, ,
0, ,-3, ,
0, ,-3, ,
0, ,-3, ,
0, ,-3, ,
0, ,-3, ,
0, ,-3, ,
0, ,-3, ,
0, ,-3, ,
0, ,-3, ,
0, ,-3, ,
0, ,-3, ,
0, ,-3, ,
0, ,-3, ,
0, ,-3, ,
0, ,-3, ,
0, ,-3, ,
0, ,-3, ,
0, ,-3, ,
0, ,-3, ,
0, ,-3, ,
0, ,-3, ,
0, ,-3, ,
0, ,-3, ,
0, ,-3, ,
0, ,-3, ,
0, ,-3, ,
0, ,-3, ,
0, ,-3, ,
0, ,-3, ,
0, ,-3, ,
0, ,-3, ,
0, ,-3, ,
0, ,-3, ,
0, ,-3, ,
0, ,-3, ,
0, ,-3, ,
0, ,-3, ,
0, ,-3, ,
0, ,-3, ,
0, ,-3, ,
0, ,-3, ,
-1, ,-3, ,
0, ,-3, ,
0, ,-3, ,
0, ,-3, ,
0, ,-3, ,
0, ,-3, ,
0, ,-3, ,
0, ,-3, ,
0, ,-3, ,
0, ,-3, ,
0, ,-3, ,
-1, ,-3, ,
0, ,-3, ,
0, ,-3, ,
0, ,-3, ,
0, ,-3, ,
0, ,-3, ,
0, ,-3, ,
0, ,-3, ,
0, ,-3, ,
0, ,-3, ,
0, ,-3, ,
0, ,-3, ,
0, ,-3, ,
0, ,-3, ,
0, ,-3, ,
0, ,-3, ,
0, ,-3, ,
0, ,-3, ,
0, ,-3, ,
0, ,-3, ,
0, ,-3, ,
0, ,-3, ,
0, ,-3, ,
0, ,-3, ,
0, ,-3, ,
-1, ,-3, ,
0, ,-3, ,
0, ,-3, ,
0, ,-3, ,
0, ,-3, ,
0, ,-3, ,
0, ,-3, ,
0, ,-3, ,
0, ,-3, ,
0, ,-3, ,
0, ,-3, ,
0, ,-3, ,
0, ,-3, ,
0, ,-3, ,
0, ,-3, ,
-1, ,-3, ,
0, ,-3, ,
0, ,-3, ,
0, ,-3, ,
0, ,-3, ,
0, ,-3, ,
0, ,-3, ,
0, ,-3, ,
0, ,-3, ,
0, ,-3, ,
0, ,-3, ,
0, ,-3, ,
0, ,-3, ,
0, ,-3, ,
0, ,-3, ,
0, ,-3, ,
0, ,-3, ,
0, ,-3, ,
0, ,-3, ,
0, ,-3, ,
0, ,-3, ,
0, ,-3, ,
0, ,-3, ,
0, ,-3, ,
0, ,-3, ,
0, ,-3, ,
0, ,-3, ,
0, ,-3, ,
0, ,-3, ,
0, ,-3, ,
0, ,-3, ,
0, ,-3, ,
0, ,-3, ,
0, ,-3, ,
0, ,-3, ,
0, ,-3, ,
0, ,-3, ,
0, ,-3, ,
0, ,-3, ,
0, ,-3, ,
0, ,-3, ,
0, ,-3, ,
0, ,-3, ,
0, ,-3, ,
0, ,-3, ,
0, ,-3, ,
0, ,-3, ,
0, ,-3, ,
0, ,-3, ,
0, ,-3, ,
0, ,-3, ,
0, ,-3, ,
0, ,-3, ,
0, ,-3, ,
0, ,-3, ,
0, ,-3, ,
0, ,-3, ,
0, ,-3, ,
0, ,-3, ,
0, ,-3, ,
0, ,-3, ,
0, ,-3, ,
0, ,-3, ,
0, ,-3, ,
0, ,-3, ,
0, ,-3, ,
0, ,-3, ,
-1, ,-3, ,
-1, ,-3, ,
0, ,-3, ,
0, ,-3, ,
0, ,-3, ,
0, ,-3, ,
0, ,-3, ,
0, ,-3, ,
0, ,-3, ,
0, ,-3, ,
0, ,-3, ,
0, ,-3, ,
0, ,-3, ,
0, ,-3, ,
0, ,-3, ,
0, ,-3, ,
0, ,-3, ,
0, ,-3, ,
0, ,-3, ,
0, ,-3, ,
0, ,-3, ,
0, ,-3, ,
0, ,-3, ,
0, ,-3, ,
0, ,-3, ,
-1, ,-3, ,
0, ,-3, ,
0, ,-3, ,
0, ,-3, ,
0, ,-3, ,
0, ,-3, ,
0, ,-3, ,
0, ,-3, ,
0, ,-3, ,
0, ,-3, ,
0, ,-3, ,
0, ,-3, ,
0, ,-3, ,
0, ,-3, ,
0, ,-3, ,
0, ,-3, ,
0, ,-3, ,
0, ,-3, ,
0, ,-3, ,
0, ,-3, ,
0, ,-3, ,
0, ,-3, ,
0, ,-3, ,
0, ,-3, ,
0, ,-3, ,
0, ,-3, ,
0, ,-3, ,
0, ,-3, ,
0, ,-3, ,
0, ,-3, ,
0, ,-3, ,
0, ,-3, ,
0, ,-3, ,
0, ,-3, ,
0, ,-3, ,
-1, ,-3, ,
0, ,-3, ,
0, ,-3, ,
0, ,-3, ,
0, ,-3, ,
0, ,-3, ,
0, ,-3, ,
0, ,-3, ,
0, ,-3, ,
0, ,-3, ,
0, ,-3, ,
0, ,-3, ,
0, ,-3, ,
0, ,-3, ,
0, ,-3, ,
0, ,-3, ,
0, ,-3, ,
0, ,-3, ,
0, ,-3, ,
0, ,-3, ,
0, ,-3, ,
0, ,-3, ,
0, ,-3, ,
0, ,-3, ,
0, ,-3, ,
0, ,-3, ,
0, ,-3, ,
0, ,-3, ,
-1, ,-3, ,
0, ,-3, ,
0, ,-3, ,
0, ,-3, ,
0, ,-3, ,
0, ,-3, ,
0, ,-3, ,
0, ,-3, ,
0, ,-3, ,
0, ,-3, ,
0, ,-3, ,
0, ,-3, ,
0, ,-3, ,
0, ,-3, ,
0, ,-3, ,
0, ,-3, ,
-1, ,-3, ,
-1, ,-3, ,
0, ,-3, ,
0, ,-3, ,
0, ,-3, ,
0, ,-3, ,
0, ,-3, ,
0, ,-3, ,
0, ,-3, ,
0, ,-3, ,
0, ,-3, ,
0, ,-3, ,
0, ,-3, ,
0, ,-3, ,
0, ,-3, ,
0, ,-3, ,
0, ,-3, ,
-1, ,-3, ,
0, ,-3, ,
0, ,-3, ,
0, ,-3, ,
0, ,-3, ,
0, ,-3, ,
0, ,-3, ,
0, ,-3, ,
0, ,-3, ,
0, ,-3, ,
0, ,-3, ,
0, ,-3, ,
0, ,-3, ,
0, ,-3, ,
-1, ,-3, ,
0, ,-3, ,
0, ,-3, ,
0, ,-3, ,
0, ,-3, ,
-1, ,-3, ,
-1, ,-3, ,
0, ,-3, ,
0, ,-3, ,
0, ,-3, ,
0, ,-3, ,
0, ,-3, ,
0, ,-3, ,
0, ,-3, ,
0, ,-3, ,
0, ,-3, ,
0, ,-3, ,
0, ,-3, ,
0, ,-3, ,
0, ,-3, ,
0, ,-3, ,
0, ,-3, ,
0, ,-3, ,
0, ,-3, ,
0, ,-3, ,
0, ,-3, ,
0, ,-3, ,
0, ,-3, ,
0, ,-3, ,
0, ,-3, ,
0, ,-3, ,
0, ,-3, ,
0, ,-3, ,
0, ,-3, ,
0, ,-3, ,
0, ,-3, ,
0, ,-3, ,
0, ,-3, ,
-1, ,-3, ,
0, ,-3, ,
0, ,-3, ,
0, ,-3, ,
0, ,-3, ,
0, ,-3, ,
0, ,-3, ,
0, ,-3, ,
0, ,-3, ,
0, ,-3, ,
0, ,-3, ,
0, ,-3, ,
0, ,-3, ,
0, ,-3, ,
0, ,-3, ,
-1, ,-3, ,
-1, ,-3, ,
0, ,-3, ,
0, ,-3, ,
0, ,-3, ,
0, ,-3, ,
0, ,-3, ,
0, ,-3, ,
0, ,-3, ,
-1, ,-3, ,
0, ,-3, ,
0, ,-3, ,
0, ,-3, ,
0, ,-3, ,
0, ,-3, ,
0, ,-3, ,
0, ,-3, ,
0, ,-3, ,
0, ,-3, ,
0, ,-3, ,
-1, ,-3, ,
0, ,-3, ,
0, ,-3, ,
0, ,-3, ,
0, ,-3, ,
0, ,-3, ,
0, ,-3, ,
0, ,-3, ,
-1, ,-3, ,
-1, ,-3, ,
0, ,-3, ,
0, ,-3, ,
-1, ,-3, ,
0, ,-3, ,
0, ,-3, ,
0, ,-3, ,
0, ,-3, ,
0, ,-3, ,
0, ,-3, ,
0, ,-3, ,
0, ,-3, ,
0, ,-3, ,
0, ,-3, ,
0, ,-3, ,
0, ,-3, ,
0, ,-3, ,
0, ,-3, ,
0, ,-3, ,
0, ,-3, ,
0, ,-3, ,
0, ,-3, ,
0, ,-3, ,
0, ,-3, ,
0, ,-3, ,
0, ,-3, ,
0, ,-3, ,
0, ,-3, ,
0, ,-3, ,
0, ,-3, ,
0, ,-3, ,
0, ,-3, ,
-1, ,-3, ,
0, ,-3, ,
0, ,-3, ,
0, ,-3, ,
0, ,-3, ,
0, ,-3, ,
0, ,-3, ,
0, ,-3, ,
0, ,-3, ,
0, ,-3, ,
0, ,-3, ,
0, ,-3, ,
0, ,-3, ,
0, ,-3, ,
0, ,-3, ,
0, ,-3, ,
0, ,-3, ,
0, ,-3, ,
0, ,-3, ,
-1, ,-3, ,
0, ,-3, ,
0, ,-3, ,
0, ,-3, ,
0, ,-3, ,
0, ,-3, ,
0, ,-3, ,
0, ,-3, ,
-1, ,-3, ,
0, ,-3, ,
0, ,-3, ,
0, ,-3, ,
0, ,-3, ,
0, ,-3, ,
0, ,-3, ,
0, ,-3, ,
0, ,-3, ,
0, ,-3, ,
0, ,-3, ,
-1, ,-3, ,
0, ,-3, ,
0, ,-3, ,
0, ,-3, ,
-1, ,-3, ,
-1, ,-3, ,
0, ,-3, ,
0, ,-3, ,
0, ,-3, ,
0, ,-3, ,
0, ,-3, ,
0, ,-3, ,
0, ,-3, ,
0, ,-3, ,
-1, ,-3, ,
0, ,-3, ,
0, ,-3, ,
0, ,-3, ,
0, ,-3, ,
0, ,-3, ,
0, ,-3, ,
0, ,-3, ,
0, ,-3, ,
0, ,-3, ,
0, ,-3, ,
0, ,-3, ,
-1, ,-3, ,
0, ,-3, ,
0, ,-3, ,
0, ,-3, ,
0, ,-3, ,
0, ,-3, ,
0, ,-3, ,
0, ,-3, ,
0, ,-3, ,
0, ,-3, ,
0, ,-3, ,
0, ,-3, ,
0, ,-3, ,
0, ,-3, ,
0, ,-3, ,
0, ,-3, ,
0, ,-3, ,
0, ,-3, ,
0, ,-3, ,
0, ,-3, ,
0, ,-3, ,
0, ,-3, ,
0, ,-3, ,
0, ,-3, ,
0, ,-3, ,
0, ,-3, ,
0, ,-3, ,
0, ,-3, ,
0, ,-3, ,
0, ,-3, ,
0, ,-3, ,
0, ,-3, ,
0, ,-3, ,
0, ,-3, ,
0, ,-3, ,
0, ,-3, ,
0, ,-3, ,
0, ,-3, ,
0, ,-3, ,
0, ,-3, ,
0, ,-3, ,
0, ,-3, ,
0, ,-3, ,
0, ,-3, ,
0, ,-3, ,
0, ,-3, ,
0, ,-3, ,
0, ,-3, ,
0, ,-3, ,
0, ,-3, ,
0, ,-3, ,
0, ,-3, ,
-1, ,-3, ,
0, ,-3, ,
0, ,-3, ,
0, ,-3, ,
0, ,-3, ,
0, ,-3, ,
0, ,-3, ,
0, ,-3, ,
0, ,-3, ,
0, ,-3, ,
0, ,-3, ,
0, ,-3, ,
-1, ,-3, ,
0, ,-3, ,
0, ,-3, ,
0, ,-3, ,
0, ,-3, ,
0, ,-3, ,
0, ,-3, ,
0, ,-3, ,
0, ,-3, ,
