Format,1.0B,
Memory Length,10000,Memory Length,10000,
IntpDistance,0,IntpDistance,0,
Trigger Address,2799,Trigger Address,2799,
Trigger Level,2.720E-01,Trigger Level,2.720E-01,
Source,CH1,Source,CH2,
Vertical Units,V,Vertical Units,V,
Vertical Units Div,0,Vertical Units Div,0,
Vertical Units Extend Div,16,Vertical Units Extend Div,16,
Label,,Label,,
Probe Type,0,Probe Type,0,
Probe Ratio,1.000e+00,Probe Ratio,1.000e+00,
Vertical Scale,1.000e+00,Vertical Scale,2.000e+00,
Vertical Position,0.000e+00,Vertical Position,0.000e+00,
Horizontal Units,S,Horizontal Units,S,
Horizontal Scale,5.000E-05,Horizontal Scale,5.000E-05,
Horizontal Position,1.100E-04,Horizontal Position,1.100E-04,
Horizontal Mode,Main,Horizontal Mode,Main,
SincET Mode,Real Time,SincET Mode,Real Time,
Sampling Period,5.000e-08,Sampling Period,5.000e-08,
Horizontal Old Scale,5.000E-05,Horizontal Old Scale,5.000E-05,
Horizontal Old Position,1.100E-04,Horizontal Old Position,1.100E-04,
Firmware,V1.32,Firmware,V1.32,
Mode,Fast,Mode,Fast,
Waveform Data,,Waveform Data,,
0, ,4, ,
0, ,4, ,
0, ,4, ,
0, ,4, ,
0, ,4, ,
0, ,4, ,
0, ,4, ,
0, ,4, ,
0, ,4, ,
0, ,4, ,
0, ,4, ,
0, ,4, ,
0, ,4, ,
0, ,4, ,
0, ,4, ,
0, ,4, ,
0, ,4, ,
0, ,4, ,
0, ,4, ,
0, ,4, ,
0, ,4, ,
0, ,4, ,
0, ,4, ,
0, ,4, ,
0, ,4, ,
0, ,4, ,
0, ,4, ,
0, ,4, ,
0, ,4, ,
0, ,4, ,
0, ,4, ,
0, ,4, ,
0, ,4, ,
0, ,4, ,
0, ,4, ,
0, ,4, ,
0, ,4, ,
0, ,4, ,
0, ,4, ,
0, ,4, ,
0, ,4, ,
0, ,4, ,
0, ,4, ,
0, ,4, ,
0, ,4, ,
0, ,4, ,
0, ,4, ,
0, ,4, ,
0, ,4, ,
0, ,4, ,
0, ,4, ,
0, ,4, ,
0, ,4, ,
0, ,4, ,
0, ,4, ,
0, ,4, ,
0, ,4, ,
0, ,4, ,
0, ,4, ,
0, ,4, ,
0, ,4, ,
0, ,4, ,
0, ,4, ,
0, ,4, ,
0, ,4, ,
0, ,4, ,
0, ,4, ,
0, ,4, ,
0, ,4, ,
0, ,4, ,
0, ,4, ,
0, ,4, ,
0, ,4, ,
0, ,4, ,
0, ,4, ,
0, ,4, ,
0, ,4, ,
0, ,4, ,
0, ,4, ,
0, ,4, ,
0, ,4, ,
0, ,4, ,
0, ,4, ,
0, ,4, ,
0, ,4, ,
0, ,4, ,
0, ,4, ,
0, ,4, ,
0, ,4, ,
0, ,4, ,
0, ,4, ,
0, ,4, ,
0, ,4, ,
0, ,4, ,
0, ,4, ,
0, ,4, ,
0, ,4, ,
0, ,4, ,
0, ,4, ,
0, ,4, ,
0, ,4, ,
0, ,4, ,
0, ,4, ,
0, ,4, ,
0, ,4, ,
0, ,4, ,
0, ,4, ,
0, ,4, ,
0, ,4, ,
0, ,4, ,
0, ,4, ,
0, ,4, ,
0, ,4, ,
0, ,4, ,
0, ,4, ,
0, ,4, ,
0, ,4, ,
0, ,4, ,
0, ,4, ,
0, ,4, ,
0, ,4, ,
0, ,4, ,
0, ,4, ,
0, ,4, ,
0, ,4, ,
0, ,4, ,
0, ,4, ,
0, ,4, ,
0, ,4, ,
0, ,4, ,
0, ,4, ,
0, ,4, ,
0, ,4, ,
0, ,4, ,
0, ,4, ,
0, ,4, ,
0, ,4, ,
0, ,4, ,
0, ,4, ,
0, ,4, ,
0, ,4, ,
0, ,4, ,
0, ,4, ,
0, ,4, ,
0, ,4, ,
0, ,4, ,
0, ,4, ,
0, ,4, ,
0, ,4, ,
0, ,4, ,
0, ,4, ,
0, ,4, ,
0, ,4, ,
0, ,4, ,
0, ,4, ,
0, ,4, ,
0, ,4, ,
0, ,4, ,
0, ,4, ,
0, ,4, ,
0, ,4, ,
0, ,4, ,
0, ,4, ,
0, ,4, ,
0, ,4, ,
0, ,4, ,
0, ,4, ,
0, ,4, ,
0, ,4, ,
0, ,4, ,
0, ,4, ,
0, ,4, ,
0, ,4, ,
0, ,4, ,
0, ,4, ,
0, ,4, ,
0, ,4, ,
0, ,4, ,
0, ,4, ,
0, ,4, ,
0, ,4, ,
0, ,4, ,
0, ,4, ,
0, ,4, ,
0, ,4, ,
0, ,4, ,
0, ,4, ,
0, ,4, ,
0, ,4, ,
0, ,4, ,
0, ,4, ,
0, ,4, ,
0, ,4, ,
0, ,4, ,
0, ,4, ,
0, ,4, ,
0, ,4, ,
0, ,4, ,
0, ,4, ,
0, ,4, ,
0, ,4, ,
0, ,4, ,
0, ,4, ,
0, ,4, ,
0, ,4, ,
0, ,4, ,
0, ,4, ,
0, ,4, ,
0, ,4, ,
0, ,4, ,
0, ,4, ,
0, ,4, ,
0, ,4, ,
0, ,4, ,
0, ,4, ,
0, ,4, ,
0, ,4, ,
0, ,4, ,
0, ,4, ,
0, ,4, ,
0, ,4, ,
0, ,4, ,
0, ,4, ,
0, ,4, ,
0, ,4, ,
0, ,4, ,
0, ,4, ,
0, ,4, ,
0, ,4, ,
0, ,4, ,
0, ,4, ,
0, ,4, ,
0, ,4, ,
0, ,4, ,
0, ,4, ,
0, ,4, ,
0, ,4, ,
0, ,4, ,
0, ,4, ,
0, ,4, ,
0, ,4, ,
0, ,4, ,
0, ,4, ,
0, ,4, ,
0, ,4, ,
0, ,4, ,
0, ,4, ,
0, ,4, ,
0, ,4, ,
0, ,4, ,
0, ,4, ,
0, ,4, ,
0, ,4, ,
0, ,4, ,
0, ,4, ,
0, ,4, ,
0, ,4, ,
0, ,4, ,
0, ,4, ,
0, ,4, ,
0, ,4, ,
0, ,4, ,
0, ,4, ,
0, ,4, ,
0, ,4, ,
0, ,4, ,
0, ,4, ,
0, ,4, ,
0, ,4, ,
0, ,4, ,
0, ,4, ,
0, ,4, ,
0, ,4, ,
0, ,4, ,
0, ,4, ,
0, ,4, ,
0, ,4, ,
0, ,4, ,
0, ,4, ,
0, ,4, ,
0, ,4, ,
0, ,4, ,
0, ,4, ,
0, ,4, ,
0, ,4, ,
0, ,4, ,
0, ,4, ,
0, ,4, ,
0, ,4, ,
0, ,4, ,
0, ,4, ,
0, ,4, ,
0, ,4, ,
0, ,4, ,
0, ,4, ,
0, ,4, ,
0, ,4, ,
0, ,4, ,
0, ,4, ,
0, ,4, ,
0, ,4, ,
0, ,4, ,
0, ,4, ,
0, ,4, ,
0, ,4, ,
0, ,4, ,
0, ,4, ,
0, ,4, ,
0, ,4, ,
0, ,4, ,
0, ,4, ,
0, ,4, ,
0, ,4, ,
0, ,4, ,
0, ,4, ,
0, ,4, ,
0, ,4, ,
0, ,4, ,
0, ,4, ,
0, ,4, ,
0, ,4, ,
0, ,4, ,
0, ,4, ,
0, ,4, ,
0, ,4, ,
0, ,4, ,
0, ,4, ,
0, ,4, ,
0, ,4, ,
0, ,4, ,
0, ,4, ,
0, ,4, ,
0, ,4, ,
0, ,4, ,
0, ,4, ,
0, ,4, ,
0, ,4, ,
0, ,4, ,
0, ,4, ,
0, ,4, ,
0, ,4, ,
0, ,4, ,
0, ,4, ,
0, ,4, ,
0, ,4, ,
0, ,4, ,
0, ,4, ,
0, ,4, ,
0, ,4, ,
0, ,4, ,
0, ,4, ,
0, ,4, ,
0, ,4, ,
0, ,4, ,
0, ,4, ,
0, ,4, ,
0, ,4, ,
0, ,4, ,
0, ,4, ,
0, ,4, ,
0, ,4, ,
0, ,4, ,
0, ,4, ,
0, ,4, ,
0, ,4, ,
0, ,4, ,
0, ,4, ,
0, ,4, ,
0, ,4, ,
0, ,4, ,
0, ,4, ,
0, ,4, ,
0, ,4, ,
0, ,4, ,
0, ,4, ,
0, ,4, ,
0, ,4, ,
0, ,4, ,
0, ,4, ,
0, ,4, ,
0, ,4, ,
0, ,4, ,
0, ,4, ,
0, ,4, ,
0, ,4, ,
0, ,4, ,
0, ,4, ,
0, ,4, ,
0, ,4, ,
0, ,4, ,
0, ,4, ,
0, ,4, ,
0, ,4, ,
0, ,4, ,
0, ,4, ,
0, ,4, ,
0, ,4, ,
0, ,4, ,
0, ,4, ,
0, ,4, ,
0, ,4, ,
0, ,4, ,
0, ,4, ,
0, ,4, ,
0, ,4, ,
0, ,4, ,
0, ,4, ,
0, ,4, ,
0, ,4, ,
0, ,4, ,
0, ,4, ,
0, ,4, ,
0, ,4, ,
0, ,4, ,
0, ,4, ,
0, ,4, ,
0, ,4, ,
0, ,4, ,
0, ,4, ,
0, ,4, ,
0, ,4, ,
0, ,4, ,
0, ,4, ,
0, ,4, ,
0, ,4, ,
0, ,4, ,
0, ,4, ,
0, ,4, ,
0, ,4, ,
0, ,4, ,
0, ,4, ,
0, ,4, ,
0, ,4, ,
0, ,4, ,
0, ,4, ,
0, ,4, ,
0, ,4, ,
0, ,4, ,
0, ,4, ,
0, ,4, ,
0, ,4, ,
0, ,4, ,
0, ,4, ,
0, ,4, ,
0, ,4, ,
0, ,4, ,
0, ,4, ,
0, ,4, ,
0, ,4, ,
0, ,4, ,
0, ,4, ,
0, ,4, ,
0, ,4, ,
0, ,4, ,
0, ,4, ,
0, ,4, ,
0, ,4, ,
0, ,4, ,
0, ,4, ,
0, ,4, ,
0, ,4, ,
0, ,4, ,
0, ,4, ,
0, ,4, ,
0, ,4, ,
0, ,4, ,
0, ,4, ,
0, ,4, ,
0, ,4, ,
0, ,4, ,
0, ,4, ,
0, ,4, ,
0, ,4, ,
0, ,4, ,
0, ,4, ,
0, ,4, ,
0, ,4, ,
0, ,4, ,
0, ,4, ,
0, ,4, ,
0, ,4, ,
0, ,4, ,
0, ,4, ,
0, ,4, ,
0, ,4, ,
0, ,4, ,
0, ,4, ,
0, ,4, ,
0, ,4, ,
0, ,4, ,
0, ,4, ,
0, ,4, ,
0, ,4, ,
0, ,4, ,
0, ,4, ,
0, ,4, ,
0, ,4, ,
0, ,4, ,
0, ,4, ,
0, ,4, ,
0, ,4, ,
0, ,4, ,
0, ,4, ,
0, ,4, ,
0, ,4, ,
0, ,4, ,
0, ,4, ,
0, ,4, ,
0, ,4, ,
0, ,4, ,
0, ,4, ,
0, ,4, ,
0, ,4, ,
0, ,4, ,
0, ,4, ,
0, ,4, ,
0, ,4, ,
0, ,4, ,
0, ,4, ,
0, ,4, ,
0, ,4, ,
0, ,4, ,
0, ,4, ,
0, ,4, ,
0, ,4, ,
0, ,4, ,
0, ,4, ,
0, ,4, ,
0, ,4, ,
0, ,4, ,
0, ,4, ,
0, ,4, ,
0, ,4, ,
0, ,4, ,
0, ,4, ,
0, ,4, ,
0, ,4, ,
0, ,4, ,
0, ,4, ,
0, ,4, ,
0, ,4, ,
0, ,4, ,
0, ,4, ,
0, ,4, ,
0, ,4, ,
0, ,4, ,
0, ,4, ,
0, ,4, ,
0, ,4, ,
0, ,4, ,
0, ,4, ,
0, ,4, ,
0, ,4, ,
0, ,4, ,
0, ,4, ,
0, ,4, ,
0, ,4, ,
0, ,4, ,
0, ,4, ,
0, ,4, ,
0, ,4, ,
0, ,4, ,
0, ,4, ,
0, ,4, ,
0, ,4, ,
0, ,4, ,
0, ,4, ,
0, ,4, ,
0, ,4, ,
0, ,4, ,
0, ,4, ,
0, ,4, ,
0, ,4, ,
0, ,4, ,
0, ,4, ,
0, ,4, ,
0, ,4, ,
0, ,4, ,
0, ,4, ,
0, ,4, ,
0, ,4, ,
0, ,4, ,
0, ,4, ,
0, ,4, ,
0, ,4, ,
0, ,4, ,
0, ,4, ,
0, ,4, ,
0, ,4, ,
0, ,4, ,
0, ,4, ,
0, ,4, ,
0, ,4, ,
0, ,4, ,
0, ,4, ,
0, ,4, ,
0, ,4, ,
0, ,4, ,
0, ,4, ,
0, ,4, ,
0, ,4, ,
0, ,4, ,
0, ,4, ,
0, ,4, ,
0, ,4, ,
0, ,4, ,
0, ,4, ,
0, ,4, ,
0, ,4, ,
0, ,4, ,
0, ,4, ,
0, ,4, ,
0, ,4, ,
0, ,4, ,
0, ,4, ,
0, ,4, ,
0, ,4, ,
0, ,4, ,
0, ,4, ,
0, ,4, ,
0, ,4, ,
0, ,4, ,
0, ,4, ,
0, ,4, ,
0, ,4, ,
0, ,4, ,
0, ,4, ,
0, ,4, ,
0, ,4, ,
0, ,4, ,
0, ,4, ,
0, ,4, ,
0, ,4, ,
0, ,4, ,
0, ,4, ,
0, ,4, ,
0, ,4, ,
0, ,4, ,
0, ,4, ,
0, ,4, ,
0, ,4, ,
0, ,4, ,
0, ,4, ,
0, ,4, ,
0, ,4, ,
0, ,4, ,
0, ,4, ,
0, ,4, ,
0, ,4, ,
0, ,4, ,
0, ,4, ,
0, ,4, ,
0, ,4, ,
0, ,4, ,
0, ,4, ,
0, ,4, ,
0, ,4, ,
0, ,4, ,
0, ,4, ,
0, ,4, ,
0, ,4, ,
0, ,4, ,
0, ,4, ,
0, ,4, ,
0, ,4, ,
0, ,4, ,
0, ,4, ,
0, ,4, ,
0, ,4, ,
0, ,4, ,
0, ,4, ,
0, ,4, ,
0, ,4, ,
0, ,4, ,
0, ,4, ,
0, ,4, ,
0, ,4, ,
0, ,4, ,
0, ,4, ,
0, ,4, ,
0, ,4, ,
0, ,4, ,
0, ,4, ,
0, ,4, ,
0, ,4, ,
0, ,4, ,
0, ,4, ,
0, ,4, ,
0, ,4, ,
0, ,4, ,
0, ,4, ,
0, ,4, ,
0, ,4, ,
0, ,4, ,
0, ,4, ,
0, ,4, ,
0, ,4, ,
0, ,4, ,
0, ,4, ,
0, ,4, ,
0, ,4, ,
0, ,4, ,
0, ,4, ,
0, ,4, ,
0, ,4, ,
0, ,4, ,
0, ,4, ,
0, ,4, ,
0, ,4, ,
0, ,4, ,
0, ,4, ,
0, ,4, ,
0, ,4, ,
0, ,4, ,
0, ,4, ,
0, ,4, ,
0, ,4, ,
0, ,4, ,
0, ,4, ,
0, ,4, ,
0, ,4, ,
0, ,4, ,
0, ,4, ,
0, ,4, ,
0, ,4, ,
0, ,4, ,
0, ,4, ,
0, ,4, ,
0, ,4, ,
0, ,4, ,
0, ,4, ,
0, ,4, ,
0, ,4, ,
0, ,4, ,
0, ,4, ,
0, ,4, ,
0, ,4, ,
0, ,4, ,
0, ,4, ,
0, ,4, ,
0, ,4, ,
0, ,4, ,
0, ,4, ,
0, ,4, ,
0, ,4, ,
0, ,4, ,
0, ,4, ,
0, ,4, ,
0, ,4, ,
0, ,4, ,
0, ,4, ,
0, ,4, ,
0, ,4, ,
0, ,4, ,
0, ,4, ,
0, ,4, ,
0, ,4, ,
0, ,4, ,
0, ,4, ,
0, ,4, ,
0, ,4, ,
0, ,4, ,
0, ,4, ,
0, ,4, ,
0, ,4, ,
0, ,4, ,
0, ,4, ,
0, ,4, ,
0, ,4, ,
0, ,4, ,
0, ,4, ,
0, ,4, ,
0, ,4, ,
0, ,4, ,
0, ,4, ,
0, ,4, ,
0, ,4, ,
0, ,4, ,
0, ,4, ,
0, ,4, ,
0, ,4, ,
0, ,4, ,
0, ,4, ,
0, ,4, ,
0, ,4, ,
0, ,4, ,
0, ,4, ,
0, ,4, ,
0, ,4, ,
0, ,4, ,
0, ,4, ,
0, ,4, ,
0, ,4, ,
0, ,4, ,
0, ,4, ,
0, ,4, ,
0, ,4, ,
0, ,4, ,
0, ,4, ,
0, ,4, ,
0, ,4, ,
0, ,4, ,
0, ,4, ,
0, ,4, ,
0, ,4, ,
0, ,4, ,
0, ,4, ,
0, ,4, ,
0, ,4, ,
0, ,4, ,
0, ,4, ,
0, ,4, ,
0, ,4, ,
0, ,4, ,
0, ,4, ,
0, ,4, ,
0, ,4, ,
0, ,4, ,
0, ,4, ,
0, ,4, ,
0, ,4, ,
0, ,4, ,
0, ,4, ,
0, ,4, ,
0, ,4, ,
0, ,4, ,
0, ,4, ,
0, ,4, ,
0, ,4, ,
0, ,4, ,
0, ,4, ,
0, ,4, ,
0, ,4, ,
0, ,4, ,
0, ,4, ,
0, ,4, ,
0, ,4, ,
0, ,4, ,
0, ,4, ,
0, ,4, ,
0, ,4, ,
0, ,4, ,
0, ,4, ,
0, ,4, ,
0, ,4, ,
0, ,4, ,
0, ,4, ,
0, ,4, ,
0, ,4, ,
0, ,4, ,
0, ,4, ,
0, ,4, ,
0, ,4, ,
0, ,4, ,
0, ,4, ,
0, ,4, ,
0, ,4, ,
0, ,4, ,
0, ,4, ,
0, ,4, ,
0, ,4, ,
0, ,4, ,
0, ,4, ,
0, ,4, ,
0, ,4, ,
0, ,4, ,
0, ,4, ,
0, ,4, ,
0, ,4, ,
0, ,4, ,
0, ,4, ,
0, ,4, ,
0, ,4, ,
0, ,4, ,
0, ,4, ,
0, ,4, ,
0, ,4, ,
0, ,4, ,
0, ,4, ,
0, ,4, ,
0, ,4, ,
0, ,4, ,
0, ,4, ,
0, ,4, ,
0, ,4, ,
0, ,4, ,
0, ,4, ,
0, ,4, ,
0, ,4, ,
0, ,4, ,
0, ,4, ,
0, ,4, ,
0, ,4, ,
0, ,4, ,
0, ,4, ,
0, ,4, ,
0, ,4, ,
0, ,4, ,
0, ,4, ,
0, ,4, ,
0, ,4, ,
0, ,4, ,
0, ,4, ,
0, ,4, ,
0, ,4, ,
0, ,4, ,
0, ,4, ,
0, ,4, ,
0, ,4, ,
0, ,4, ,
0, ,4, ,
0, ,4, ,
0, ,4, ,
0, ,4, ,
0, ,4, ,
0, ,4, ,
0, ,4, ,
0, ,4, ,
0, ,4, ,
0, ,4, ,
0, ,4, ,
0, ,4, ,
0, ,4, ,
0, ,4, ,
0, ,4, ,
0, ,4, ,
0, ,4, ,
0, ,4, ,
0, ,4, ,
0, ,4, ,
0, ,4, ,
0, ,4, ,
0, ,4, ,
0, ,4, ,
0, ,4, ,
0, ,4, ,
0, ,4, ,
0, ,4, ,
0, ,4, ,
0, ,4, ,
0, ,4, ,
0, ,4, ,
0, ,4, ,
0, ,4, ,
0, ,4, ,
0, ,4, ,
0, ,4, ,
0, ,4, ,
0, ,4, ,
0, ,4, ,
0, ,4, ,
0, ,4, ,
0, ,4, ,
0, ,4, ,
0, ,4, ,
0, ,4, ,
0, ,4, ,
0, ,4, ,
0, ,4, ,
0, ,4, ,
0, ,4, ,
0, ,4, ,
0, ,4, ,
0, ,4, ,
0, ,4, ,
0, ,4, ,
0, ,4, ,
0, ,4, ,
0, ,4, ,
0, ,4, ,
0, ,4, ,
0, ,4, ,
0, ,4, ,
0, ,4, ,
0, ,4, ,
0, ,4, ,
0, ,4, ,
0, ,4, ,
0, ,4, ,
0, ,4, ,
0, ,4, ,
0, ,4, ,
0, ,4, ,
0, ,4, ,
0, ,4, ,
0, ,4, ,
0, ,4, ,
0, ,4, ,
0, ,4, ,
0, ,4, ,
0, ,4, ,
0, ,4, ,
0, ,4, ,
0, ,4, ,
0, ,4, ,
0, ,4, ,
0, ,4, ,
0, ,4, ,
0, ,4, ,
0, ,4, ,
0, ,4, ,
0, ,4, ,
0, ,4, ,
0, ,4, ,
0, ,4, ,
0, ,4, ,
0, ,4, ,
0, ,4, ,
0, ,4, ,
0, ,4, ,
0, ,4, ,
0, ,4, ,
0, ,4, ,
0, ,4, ,
0, ,4, ,
0, ,4, ,
0, ,4, ,
0, ,4, ,
0, ,4, ,
0, ,4, ,
0, ,4, ,
0, ,4, ,
0, ,4, ,
0, ,4, ,
0, ,4, ,
0, ,4, ,
0, ,4, ,
0, ,4, ,
0, ,4, ,
0, ,4, ,
0, ,4, ,
0, ,4, ,
0, ,4, ,
0, ,4, ,
0, ,4, ,
0, ,4, ,
0, ,4, ,
0, ,4, ,
0, ,4, ,
0, ,4, ,
0, ,4, ,
0, ,4, ,
0, ,4, ,
0, ,4, ,
0, ,4, ,
0, ,4, ,
0, ,4, ,
0, ,4, ,
0, ,4, ,
0, ,4, ,
0, ,4, ,
0, ,4, ,
0, ,4, ,
0, ,4, ,
0, ,4, ,
0, ,4, ,
0, ,4, ,
0, ,4, ,
0, ,4, ,
0, ,4, ,
0, ,4, ,
0, ,4, ,
0, ,4, ,
0, ,4, ,
0, ,4, ,
0, ,4, ,
0, ,4, ,
0, ,4, ,
0, ,4, ,
0, ,4, ,
0, ,4, ,
0, ,4, ,
0, ,4, ,
0, ,4, ,
0, ,4, ,
0, ,4, ,
0, ,4, ,
0, ,4, ,
0, ,4, ,
0, ,4, ,
0, ,4, ,
0, ,4, ,
0, ,4, ,
0, ,4, ,
0, ,4, ,
0, ,4, ,
0, ,4, ,
0, ,4, ,
0, ,4, ,
0, ,4, ,
0, ,4, ,
0, ,4, ,
0, ,4, ,
0, ,4, ,
0, ,4, ,
0, ,4, ,
0, ,4, ,
0, ,4, ,
0, ,4, ,
0, ,4, ,
0, ,4, ,
0, ,4, ,
0, ,4, ,
0, ,4, ,
0, ,4, ,
0, ,4, ,
0, ,4, ,
0, ,4, ,
0, ,4, ,
0, ,4, ,
0, ,4, ,
0, ,4, ,
0, ,4, ,
0, ,4, ,
0, ,4, ,
0, ,4, ,
0, ,4, ,
0, ,4, ,
0, ,4, ,
0, ,4, ,
0, ,4, ,
0, ,4, ,
0, ,4, ,
0, ,4, ,
0, ,4, ,
0, ,4, ,
0, ,4, ,
0, ,4, ,
0, ,4, ,
0, ,4, ,
0, ,4, ,
0, ,4, ,
0, ,4, ,
0, ,4, ,
0, ,4, ,
0, ,4, ,
0, ,4, ,
0, ,4, ,
0, ,4, ,
0, ,4, ,
0, ,4, ,
0, ,4, ,
0, ,4, ,
0, ,4, ,
0, ,4, ,
0, ,4, ,
0, ,4, ,
0, ,4, ,
0, ,4, ,
0, ,4, ,
0, ,4, ,
0, ,4, ,
0, ,4, ,
0, ,4, ,
0, ,4, ,
0, ,4, ,
0, ,4, ,
0, ,4, ,
0, ,4, ,
0, ,4, ,
0, ,4, ,
0, ,4, ,
0, ,4, ,
0, ,4, ,
0, ,4, ,
0, ,4, ,
0, ,4, ,
0, ,4, ,
0, ,4, ,
0, ,4, ,
0, ,4, ,
0, ,4, ,
0, ,4, ,
0, ,4, ,
0, ,4, ,
0, ,4, ,
0, ,4, ,
0, ,4, ,
0, ,4, ,
0, ,4, ,
0, ,4, ,
0, ,4, ,
0, ,4, ,
0, ,4, ,
0, ,4, ,
0, ,4, ,
0, ,4, ,
0, ,4, ,
0, ,4, ,
0, ,4, ,
0, ,4, ,
0, ,4, ,
0, ,4, ,
0, ,4, ,
0, ,4, ,
0, ,4, ,
0, ,4, ,
0, ,4, ,
0, ,4, ,
0, ,4, ,
0, ,4, ,
0, ,4, ,
0, ,4, ,
0, ,4, ,
0, ,4, ,
0, ,4, ,
0, ,4, ,
0, ,4, ,
0, ,4, ,
0, ,4, ,
0, ,4, ,
0, ,4, ,
0, ,4, ,
0, ,4, ,
0, ,4, ,
0, ,4, ,
0, ,4, ,
0, ,4, ,
0, ,4, ,
0, ,4, ,
0, ,4, ,
0, ,4, ,
0, ,4, ,
0, ,4, ,
0, ,4, ,
0, ,4, ,
0, ,4, ,
0, ,4, ,
0, ,4, ,
0, ,4, ,
0, ,4, ,
0, ,4, ,
0, ,4, ,
0, ,4, ,
0, ,4, ,
0, ,4, ,
0, ,4, ,
0, ,4, ,
0, ,4, ,
0, ,4, ,
0, ,4, ,
0, ,4, ,
0, ,4, ,
0, ,4, ,
0, ,4, ,
0, ,4, ,
0, ,4, ,
0, ,4, ,
0, ,4, ,
0, ,4, ,
0, ,4, ,
0, ,4, ,
0, ,4, ,
0, ,4, ,
0, ,4, ,
0, ,4, ,
0, ,4, ,
0, ,4, ,
0, ,4, ,
0, ,4, ,
0, ,4, ,
0, ,4, ,
0, ,4, ,
0, ,4, ,
0, ,4, ,
0, ,4, ,
0, ,4, ,
0, ,4, ,
0, ,4, ,
0, ,4, ,
0, ,4, ,
0, ,4, ,
0, ,4, ,
0, ,4, ,
0, ,4, ,
0, ,4, ,
0, ,4, ,
0, ,4, ,
0, ,4, ,
0, ,4, ,
0, ,4, ,
0, ,4, ,
0, ,4, ,
0, ,4, ,
0, ,4, ,
0, ,4, ,
0, ,4, ,
0, ,4, ,
0, ,4, ,
0, ,4, ,
0, ,4, ,
0, ,4, ,
0, ,4, ,
0, ,4, ,
0, ,4, ,
0, ,4, ,
0, ,4, ,
0, ,4, ,
0, ,4, ,
0, ,4, ,
0, ,4, ,
0, ,4, ,
0, ,4, ,
0, ,4, ,
0, ,4, ,
0, ,4, ,
0, ,4, ,
0, ,4, ,
0, ,4, ,
0, ,4, ,
0, ,4, ,
0, ,4, ,
0, ,4, ,
0, ,4, ,
0, ,4, ,
0, ,4, ,
0, ,4, ,
0, ,4, ,
0, ,4, ,
0, ,4, ,
0, ,4, ,
0, ,4, ,
0, ,4, ,
0, ,4, ,
0, ,4, ,
0, ,4, ,
0, ,4, ,
0, ,4, ,
0, ,4, ,
0, ,4, ,
0, ,4, ,
0, ,4, ,
0, ,4, ,
0, ,4, ,
0, ,4, ,
0, ,4, ,
0, ,4, ,
0, ,4, ,
0, ,4, ,
0, ,4, ,
0, ,4, ,
0, ,4, ,
0, ,4, ,
0, ,4, ,
0, ,4, ,
0, ,4, ,
0, ,4, ,
0, ,4, ,
0, ,4, ,
0, ,4, ,
0, ,4, ,
0, ,4, ,
0, ,4, ,
0, ,4, ,
0, ,4, ,
0, ,4, ,
0, ,4, ,
0, ,4, ,
0, ,4, ,
0, ,4, ,
0, ,4, ,
0, ,4, ,
0, ,4, ,
0, ,4, ,
0, ,4, ,
0, ,4, ,
0, ,4, ,
0, ,4, ,
0, ,4, ,
0, ,4, ,
0, ,4, ,
0, ,4, ,
0, ,4, ,
0, ,4, ,
0, ,4, ,
0, ,4, ,
0, ,4, ,
0, ,4, ,
0, ,4, ,
0, ,4, ,
0, ,4, ,
0, ,4, ,
0, ,4, ,
0, ,4, ,
0, ,4, ,
0, ,4, ,
0, ,4, ,
0, ,4, ,
0, ,4, ,
0, ,4, ,
0, ,4, ,
0, ,4, ,
0, ,4, ,
0, ,4, ,
0, ,4, ,
0, ,4, ,
0, ,4, ,
0, ,4, ,
0, ,4, ,
0, ,4, ,
0, ,4, ,
0, ,4, ,
0, ,4, ,
0, ,4, ,
0, ,4, ,
0, ,4, ,
0, ,4, ,
0, ,4, ,
0, ,4, ,
0, ,4, ,
0, ,4, ,
0, ,4, ,
0, ,4, ,
0, ,4, ,
0, ,4, ,
0, ,4, ,
0, ,4, ,
0, ,4, ,
0, ,4, ,
0, ,4, ,
0, ,4, ,
0, ,4, ,
0, ,4, ,
0, ,4, ,
0, ,4, ,
0, ,4, ,
0, ,4, ,
1, ,4, ,
0, ,4, ,
0, ,4, ,
0, ,4, ,
0, ,4, ,
0, ,4, ,
0, ,4, ,
0, ,4, ,
0, ,4, ,
0, ,4, ,
0, ,4, ,
0, ,4, ,
0, ,4, ,
0, ,4, ,
0, ,4, ,
0, ,4, ,
0, ,4, ,
0, ,4, ,
0, ,4, ,
0, ,4, ,
0, ,4, ,
0, ,4, ,
0, ,4, ,
0, ,4, ,
0, ,4, ,
0, ,4, ,
0, ,4, ,
0, ,4, ,
0, ,4, ,
0, ,4, ,
0, ,4, ,
0, ,4, ,
0, ,4, ,
0, ,4, ,
0, ,4, ,
0, ,4, ,
0, ,4, ,
0, ,4, ,
0, ,4, ,
0, ,4, ,
0, ,4, ,
0, ,4, ,
0, ,4, ,
0, ,4, ,
0, ,4, ,
0, ,4, ,
0, ,4, ,
0, ,4, ,
0, ,4, ,
0, ,4, ,
0, ,4, ,
0, ,4, ,
0, ,4, ,
0, ,4, ,
0, ,4, ,
0, ,4, ,
0, ,4, ,
0, ,4, ,
0, ,4, ,
0, ,4, ,
0, ,4, ,
0, ,4, ,
0, ,4, ,
0, ,4, ,
0, ,4, ,
0, ,4, ,
0, ,4, ,
0, ,4, ,
0, ,4, ,
0, ,4, ,
0, ,4, ,
0, ,4, ,
0, ,4, ,
0, ,4, ,
0, ,4, ,
0, ,4, ,
0, ,4, ,
0, ,4, ,
0, ,4, ,
0, ,4, ,
0, ,4, ,
0, ,4, ,
0, ,4, ,
0, ,4, ,
0, ,4, ,
0, ,4, ,
0, ,4, ,
0, ,4, ,
0, ,4, ,
0, ,4, ,
0, ,4, ,
0, ,4, ,
0, ,4, ,
0, ,4, ,
0, ,4, ,
0, ,4, ,
0, ,4, ,
0, ,4, ,
0, ,4, ,
0, ,4, ,
0, ,4, ,
0, ,4, ,
0, ,4, ,
0, ,4, ,
0, ,4, ,
0, ,4, ,
0, ,4, ,
0, ,4, ,
0, ,4, ,
0, ,4, ,
0, ,4, ,
0, ,4, ,
0, ,4, ,
0, ,4, ,
0, ,4, ,
1, ,4, ,
0, ,4, ,
-1, ,4, ,
0, ,4, ,
0, ,4, ,
0, ,4, ,
0, ,4, ,
0, ,4, ,
0, ,4, ,
0, ,4, ,
0, ,4, ,
0, ,4, ,
0, ,4, ,
0, ,4, ,
0, ,4, ,
0, ,4, ,
0, ,4, ,
0, ,4, ,
0, ,4, ,
0, ,4, ,
0, ,4, ,
0, ,4, ,
0, ,4, ,
1, ,4, ,
1, ,4, ,
0, ,4, ,
0, ,4, ,
0, ,4, ,
0, ,4, ,
0, ,4, ,
0, ,4, ,
0, ,4, ,
0, ,4, ,
0, ,4, ,
0, ,4, ,
0, ,4, ,
0, ,4, ,
0, ,4, ,
0, ,4, ,
0, ,4, ,
-1, ,4, ,
0, ,4, ,
1, ,4, ,
1, ,4, ,
0, ,4, ,
-1, ,4, ,
-1, ,4, ,
0, ,4, ,
0, ,4, ,
0, ,4, ,
0, ,4, ,
0, ,4, ,
0, ,4, ,
0, ,4, ,
0, ,4, ,
0, ,4, ,
0, ,4, ,
0, ,4, ,
0, ,4, ,
0, ,4, ,
0, ,4, ,
1, ,4, ,
1, ,4, ,
0, ,4, ,
0, ,4, ,
0, ,4, ,
-1, ,4, ,
0, ,4, ,
0, ,4, ,
1, ,4, ,
1, ,4, ,
0, ,4, ,
0, ,4, ,
-1, ,4, ,
0, ,4, ,
0, ,4, ,
0, ,4, ,
1, ,4, ,
1, ,4, ,
0, ,4, ,
0, ,4, ,
-1, ,4, ,
0, ,4, ,
0, ,4, ,
0, ,4, ,
0, ,4, ,
0, ,4, ,
0, ,4, ,
0, ,4, ,
0, ,4, ,
0, ,4, ,
0, ,4, ,
1, ,4, ,
0, ,4, ,
0, ,4, ,
0, ,4, ,
0, ,4, ,
0, ,4, ,
0, ,4, ,
0, ,4, ,
0, ,4, ,
0, ,4, ,
0, ,4, ,
0, ,4, ,
0, ,4, ,
0, ,4, ,
0, ,4, ,
0, ,4, ,
0, ,4, ,
0, ,4, ,
0, ,4, ,
0, ,4, ,
0, ,4, ,
0, ,4, ,
0, ,4, ,
0, ,4, ,
0, ,4, ,
0, ,4, ,
0, ,4, ,
0, ,4, ,
0, ,4, ,
0, ,4, ,
0, ,4, ,
0, ,4, ,
0, ,4, ,
0, ,4, ,
0, ,4, ,
0, ,4, ,
0, ,4, ,
0, ,4, ,
0, ,4, ,
0, ,4, ,
0, ,4, ,
0, ,4, ,
0, ,4, ,
0, ,4, ,
0, ,4, ,
0, ,4, ,
0, ,4, ,
0, ,4, ,
0, ,4, ,
0, ,4, ,
0, ,4, ,
0, ,4, ,
0, ,4, ,
0, ,4, ,
0, ,4, ,
0, ,4, ,
0, ,4, ,
0, ,4, ,
-1, ,4, ,
0, ,4, ,
0, ,4, ,
0, ,4, ,
0, ,4, ,
0, ,4, ,
0, ,4, ,
0, ,4, ,
0, ,4, ,
0, ,4, ,
0, ,4, ,
0, ,4, ,
0, ,4, ,
0, ,4, ,
0, ,4, ,
0, ,4, ,
0, ,4, ,
0, ,4, ,
0, ,4, ,
0, ,4, ,
0, ,4, ,
0, ,4, ,
0, ,4, ,
0, ,4, ,
0, ,4, ,
0, ,4, ,
0, ,4, ,
0, ,4, ,
0, ,4, ,
0, ,4, ,
0, ,4, ,
0, ,4, ,
0, ,4, ,
0, ,4, ,
0, ,4, ,
0, ,4, ,
0, ,4, ,
0, ,4, ,
0, ,4, ,
0, ,4, ,
0, ,4, ,
0, ,4, ,
0, ,4, ,
0, ,4, ,
0, ,4, ,
0, ,4, ,
0, ,4, ,
0, ,4, ,
0, ,4, ,
0, ,4, ,
0, ,4, ,
0, ,4, ,
0, ,4, ,
0, ,4, ,
0, ,4, ,
0, ,4, ,
0, ,4, ,
0, ,4, ,
0, ,4, ,
0, ,4, ,
0, ,4, ,
0, ,4, ,
0, ,4, ,
0, ,4, ,
0, ,4, ,
0, ,4, ,
0, ,4, ,
0, ,4, ,
0, ,4, ,
0, ,4, ,
0, ,4, ,
0, ,4, ,
0, ,4, ,
0, ,4, ,
0, ,4, ,
0, ,4, ,
0, ,4, ,
0, ,4, ,
0, ,4, ,
0, ,4, ,
0, ,4, ,
0, ,4, ,
0, ,4, ,
0, ,4, ,
0, ,4, ,
0, ,4, ,
0, ,4, ,
0, ,4, ,
0, ,4, ,
0, ,4, ,
0, ,4, ,
0, ,4, ,
0, ,4, ,
0, ,4, ,
0, ,4, ,
0, ,4, ,
0, ,4, ,
0, ,4, ,
0, ,4, ,
0, ,4, ,
0, ,4, ,
0, ,4, ,
0, ,4, ,
0, ,4, ,
0, ,4, ,
0, ,4, ,
0, ,4, ,
0, ,4, ,
0, ,4, ,
0, ,4, ,
0, ,4, ,
0, ,4, ,
0, ,4, ,
0, ,4, ,
0, ,4, ,
0, ,4, ,
0, ,4, ,
0, ,4, ,
0, ,4, ,
0, ,4, ,
0, ,4, ,
0, ,4, ,
0, ,4, ,
0, ,4, ,
0, ,4, ,
0, ,4, ,
0, ,4, ,
0, ,4, ,
0, ,4, ,
0, ,4, ,
0, ,4, ,
0, ,4, ,
0, ,4, ,
0, ,4, ,
0, ,4, ,
0, ,4, ,
0, ,4, ,
0, ,4, ,
0, ,4, ,
0, ,4, ,
0, ,4, ,
0, ,4, ,
0, ,4, ,
0, ,4, ,
0, ,4, ,
0, ,4, ,
0, ,4, ,
0, ,4, ,
0, ,4, ,
0, ,4, ,
0, ,4, ,
0, ,4, ,
0, ,4, ,
0, ,4, ,
0, ,4, ,
0, ,4, ,
0, ,4, ,
0, ,4, ,
0, ,4, ,
0, ,4, ,
0, ,4, ,
0, ,4, ,
0, ,4, ,
0, ,4, ,
0, ,4, ,
0, ,4, ,
0, ,4, ,
0, ,4, ,
0, ,4, ,
0, ,4, ,
0, ,4, ,
0, ,4, ,
0, ,4, ,
0, ,4, ,
0, ,4, ,
0, ,4, ,
0, ,4, ,
0, ,4, ,
0, ,4, ,
0, ,4, ,
0, ,4, ,
0, ,4, ,
0, ,4, ,
0, ,4, ,
0, ,4, ,
0, ,4, ,
0, ,4, ,
0, ,4, ,
0, ,4, ,
0, ,4, ,
0, ,4, ,
0, ,4, ,
0, ,4, ,
0, ,4, ,
0, ,4, ,
0, ,4, ,
0, ,4, ,
0, ,4, ,
0, ,4, ,
0, ,4, ,
0, ,4, ,
0, ,4, ,
0, ,4, ,
0, ,4, ,
0, ,4, ,
0, ,4, ,
0, ,4, ,
0, ,4, ,
0, ,4, ,
0, ,4, ,
0, ,4, ,
0, ,4, ,
0, ,4, ,
0, ,4, ,
0, ,4, ,
0, ,4, ,
0, ,4, ,
0, ,4, ,
0, ,4, ,
0, ,4, ,
0, ,4, ,
0, ,4, ,
0, ,4, ,
0, ,4, ,
0, ,4, ,
0, ,4, ,
0, ,4, ,
0, ,4, ,
0, ,4, ,
0, ,4, ,
0, ,4, ,
0, ,4, ,
0, ,4, ,
0, ,4, ,
0, ,4, ,
0, ,4, ,
0, ,4, ,
0, ,4, ,
0, ,4, ,
0, ,4, ,
0, ,4, ,
0, ,4, ,
0, ,4, ,
0, ,4, ,
0, ,4, ,
0, ,4, ,
0, ,4, ,
0, ,4, ,
0, ,4, ,
0, ,4, ,
0, ,4, ,
0, ,4, ,
0, ,4, ,
0, ,4, ,
0, ,4, ,
0, ,4, ,
0, ,4, ,
0, ,4, ,
0, ,4, ,
0, ,4, ,
0, ,4, ,
0, ,4, ,
0, ,4, ,
0, ,4, ,
0, ,4, ,
0, ,4, ,
0, ,4, ,
0, ,4, ,
0, ,4, ,
0, ,4, ,
0, ,4, ,
0, ,4, ,
0, ,4, ,
0, ,4, ,
0, ,4, ,
0, ,4, ,
0, ,4, ,
0, ,4, ,
0, ,4, ,
0, ,4, ,
0, ,4, ,
0, ,4, ,
0, ,4, ,
0, ,4, ,
0, ,4, ,
0, ,4, ,
0, ,4, ,
0, ,4, ,
0, ,4, ,
0, ,4, ,
0, ,4, ,
0, ,4, ,
0, ,4, ,
0, ,4, ,
0, ,4, ,
0, ,4, ,
0, ,4, ,
0, ,4, ,
0, ,4, ,
0, ,4, ,
0, ,4, ,
0, ,4, ,
0, ,4, ,
0, ,4, ,
0, ,4, ,
0, ,4, ,
0, ,4, ,
0, ,4, ,
0, ,4, ,
0, ,4, ,
0, ,4, ,
0, ,4, ,
0, ,4, ,
0, ,4, ,
0, ,4, ,
0, ,4, ,
0, ,4, ,
0, ,4, ,
0, ,4, ,
0, ,4, ,
0, ,4, ,
0, ,4, ,
0, ,4, ,
0, ,4, ,
0, ,4, ,
0, ,4, ,
0, ,4, ,
0, ,4, ,
0, ,4, ,
0, ,4, ,
0, ,4, ,
0, ,4, ,
0, ,4, ,
0, ,4, ,
0, ,4, ,
0, ,4, ,
0, ,4, ,
0, ,4, ,
0, ,4, ,
0, ,4, ,
0, ,4, ,
0, ,4, ,
0, ,4, ,
0, ,4, ,
0, ,4, ,
0, ,4, ,
0, ,4, ,
0, ,4, ,
0, ,4, ,
0, ,4, ,
0, ,4, ,
0, ,4, ,
0, ,4, ,
0, ,4, ,
0, ,4, ,
0, ,4, ,
0, ,4, ,
0, ,4, ,
0, ,4, ,
0, ,4, ,
0, ,4, ,
0, ,4, ,
0, ,4, ,
0, ,4, ,
0, ,4, ,
0, ,4, ,
0, ,4, ,
0, ,4, ,
0, ,4, ,
0, ,4, ,
0, ,4, ,
0, ,4, ,
0, ,4, ,
0, ,4, ,
0, ,4, ,
0, ,4, ,
0, ,4, ,
0, ,4, ,
0, ,4, ,
0, ,4, ,
0, ,4, ,
0, ,4, ,
0, ,4, ,
0, ,4, ,
0, ,4, ,
0, ,4, ,
0, ,4, ,
0, ,4, ,
0, ,4, ,
0, ,4, ,
0, ,4, ,
0, ,4, ,
0, ,4, ,
0, ,4, ,
0, ,4, ,
0, ,4, ,
0, ,4, ,
0, ,4, ,
0, ,4, ,
0, ,4, ,
0, ,4, ,
0, ,4, ,
0, ,4, ,
0, ,4, ,
0, ,4, ,
0, ,4, ,
0, ,4, ,
0, ,4, ,
0, ,4, ,
0, ,4, ,
0, ,4, ,
0, ,4, ,
0, ,4, ,
0, ,4, ,
0, ,4, ,
0, ,4, ,
0, ,4, ,
0, ,4, ,
0, ,4, ,
0, ,4, ,
0, ,4, ,
0, ,4, ,
0, ,4, ,
0, ,4, ,
0, ,4, ,
0, ,4, ,
0, ,4, ,
0, ,4, ,
0, ,4, ,
0, ,4, ,
0, ,4, ,
0, ,4, ,
0, ,4, ,
0, ,4, ,
0, ,4, ,
0, ,4, ,
0, ,4, ,
0, ,4, ,
0, ,4, ,
0, ,4, ,
0, ,4, ,
0, ,4, ,
0, ,4, ,
0, ,4, ,
0, ,4, ,
0, ,4, ,
0, ,4, ,
0, ,4, ,
0, ,4, ,
0, ,4, ,
0, ,4, ,
0, ,4, ,
0, ,4, ,
0, ,4, ,
0, ,4, ,
0, ,4, ,
0, ,4, ,
0, ,4, ,
0, ,4, ,
0, ,4, ,
0, ,4, ,
0, ,4, ,
0, ,4, ,
0, ,4, ,
0, ,4, ,
0, ,4, ,
0, ,4, ,
0, ,4, ,
0, ,4, ,
0, ,4, ,
0, ,4, ,
0, ,4, ,
0, ,4, ,
0, ,4, ,
0, ,4, ,
0, ,4, ,
0, ,4, ,
0, ,4, ,
0, ,4, ,
0, ,4, ,
0, ,4, ,
0, ,4, ,
0, ,4, ,
0, ,4, ,
0, ,4, ,
0, ,4, ,
0, ,4, ,
0, ,4, ,
0, ,4, ,
0, ,4, ,
0, ,4, ,
0, ,4, ,
0, ,4, ,
0, ,4, ,
0, ,4, ,
0, ,4, ,
0, ,4, ,
0, ,4, ,
0, ,4, ,
0, ,4, ,
0, ,4, ,
0, ,4, ,
0, ,4, ,
0, ,4, ,
0, ,4, ,
0, ,4, ,
0, ,4, ,
0, ,4, ,
0, ,4, ,
0, ,4, ,
0, ,4, ,
0, ,4, ,
0, ,4, ,
0, ,4, ,
0, ,4, ,
0, ,4, ,
0, ,4, ,
0, ,4, ,
0, ,4, ,
0, ,4, ,
0, ,4, ,
0, ,4, ,
0, ,4, ,
0, ,4, ,
0, ,4, ,
0, ,4, ,
0, ,4, ,
0, ,4, ,
0, ,4, ,
0, ,4, ,
0, ,4, ,
0, ,4, ,
0, ,4, ,
0, ,4, ,
0, ,4, ,
0, ,4, ,
0, ,4, ,
0, ,4, ,
0, ,4, ,
0, ,4, ,
0, ,4, ,
0, ,4, ,
0, ,4, ,
0, ,4, ,
0, ,4, ,
0, ,4, ,
0, ,4, ,
0, ,4, ,
0, ,4, ,
0, ,4, ,
0, ,4, ,
0, ,4, ,
0, ,4, ,
0, ,4, ,
0, ,4, ,
0, ,4, ,
0, ,4, ,
0, ,4, ,
0, ,4, ,
0, ,4, ,
0, ,4, ,
0, ,4, ,
0, ,4, ,
0, ,4, ,
0, ,4, ,
0, ,4, ,
0, ,4, ,
0, ,4, ,
0, ,4, ,
0, ,4, ,
0, ,4, ,
0, ,4, ,
0, ,4, ,
0, ,4, ,
0, ,4, ,
0, ,4, ,
0, ,4, ,
0, ,4, ,
0, ,4, ,
0, ,4, ,
0, ,4, ,
0, ,4, ,
0, ,4, ,
0, ,4, ,
0, ,4, ,
0, ,4, ,
0, ,4, ,
0, ,4, ,
0, ,4, ,
0, ,4, ,
0, ,4, ,
0, ,4, ,
0, ,4, ,
0, ,4, ,
0, ,4, ,
0, ,4, ,
0, ,4, ,
0, ,4, ,
0, ,4, ,
0, ,4, ,
0, ,4, ,
0, ,4, ,
0, ,4, ,
0, ,4, ,
0, ,4, ,
0, ,4, ,
0, ,4, ,
0, ,4, ,
0, ,4, ,
0, ,4, ,
0, ,4, ,
0, ,4, ,
0, ,4, ,
0, ,4, ,
0, ,4, ,
0, ,4, ,
0, ,4, ,
0, ,4, ,
0, ,4, ,
0, ,4, ,
0, ,4, ,
0, ,4, ,
0, ,4, ,
0, ,4, ,
0, ,4, ,
0, ,4, ,
0, ,4, ,
0, ,4, ,
0, ,4, ,
0, ,4, ,
0, ,4, ,
0, ,4, ,
0, ,4, ,
0, ,4, ,
0, ,4, ,
0, ,4, ,
0, ,4, ,
0, ,4, ,
0, ,4, ,
0, ,4, ,
0, ,4, ,
0, ,4, ,
0, ,4, ,
0, ,4, ,
0, ,4, ,
0, ,4, ,
0, ,4, ,
0, ,4, ,
0, ,4, ,
0, ,4, ,
0, ,4, ,
0, ,4, ,
0, ,4, ,
0, ,4, ,
0, ,4, ,
0, ,4, ,
0, ,4, ,
0, ,4, ,
0, ,4, ,
0, ,4, ,
0, ,4, ,
0, ,4, ,
0, ,4, ,
0, ,4, ,
0, ,4, ,
0, ,4, ,
0, ,4, ,
0, ,4, ,
0, ,4, ,
0, ,4, ,
0, ,4, ,
0, ,4, ,
0, ,4, ,
0, ,4, ,
0, ,4, ,
0, ,4, ,
0, ,4, ,
0, ,4, ,
0, ,4, ,
0, ,4, ,
0, ,4, ,
0, ,4, ,
0, ,4, ,
0, ,4, ,
0, ,4, ,
0, ,4, ,
0, ,4, ,
0, ,4, ,
0, ,4, ,
0, ,4, ,
0, ,4, ,
0, ,4, ,
0, ,4, ,
0, ,4, ,
0, ,4, ,
0, ,4, ,
0, ,4, ,
0, ,4, ,
0, ,4, ,
0, ,4, ,
0, ,4, ,
0, ,4, ,
0, ,4, ,
0, ,4, ,
0, ,4, ,
0, ,4, ,
0, ,4, ,
0, ,4, ,
0, ,4, ,
0, ,4, ,
0, ,4, ,
0, ,4, ,
0, ,4, ,
0, ,4, ,
0, ,4, ,
0, ,4, ,
0, ,4, ,
0, ,4, ,
0, ,4, ,
0, ,4, ,
0, ,4, ,
0, ,4, ,
0, ,4, ,
0, ,4, ,
0, ,4, ,
0, ,4, ,
0, ,4, ,
0, ,4, ,
0, ,4, ,
0, ,4, ,
0, ,4, ,
0, ,4, ,
0, ,4, ,
0, ,4, ,
0, ,4, ,
0, ,4, ,
0, ,4, ,
0, ,4, ,
0, ,4, ,
0, ,4, ,
0, ,4, ,
0, ,4, ,
0, ,4, ,
0, ,4, ,
0, ,4, ,
0, ,4, ,
0, ,4, ,
0, ,4, ,
0, ,4, ,
0, ,4, ,
0, ,4, ,
0, ,4, ,
0, ,4, ,
0, ,4, ,
0, ,4, ,
0, ,4, ,
0, ,4, ,
0, ,4, ,
0, ,4, ,
0, ,4, ,
0, ,4, ,
0, ,4, ,
0, ,4, ,
0, ,4, ,
0, ,4, ,
0, ,4, ,
0, ,4, ,
0, ,4, ,
0, ,4, ,
0, ,4, ,
0, ,4, ,
0, ,4, ,
0, ,4, ,
0, ,4, ,
0, ,4, ,
0, ,4, ,
0, ,4, ,
0, ,4, ,
0, ,4, ,
0, ,4, ,
0, ,4, ,
0, ,4, ,
0, ,4, ,
0, ,4, ,
0, ,4, ,
0, ,4, ,
0, ,4, ,
0, ,4, ,
0, ,4, ,
0, ,4, ,
0, ,4, ,
0, ,4, ,
0, ,4, ,
0, ,4, ,
0, ,4, ,
0, ,4, ,
0, ,4, ,
0, ,4, ,
0, ,4, ,
0, ,4, ,
0, ,4, ,
0, ,4, ,
0, ,4, ,
0, ,4, ,
0, ,4, ,
0, ,4, ,
0, ,4, ,
0, ,4, ,
0, ,4, ,
0, ,4, ,
0, ,4, ,
0, ,4, ,
0, ,4, ,
0, ,4, ,
0, ,4, ,
0, ,4, ,
0, ,4, ,
0, ,4, ,
0, ,4, ,
0, ,4, ,
0, ,4, ,
0, ,4, ,
0, ,4, ,
0, ,4, ,
0, ,4, ,
0, ,4, ,
0, ,4, ,
0, ,4, ,
0, ,4, ,
0, ,4, ,
0, ,4, ,
0, ,4, ,
0, ,4, ,
0, ,4, ,
0, ,4, ,
0, ,4, ,
0, ,4, ,
0, ,4, ,
0, ,4, ,
0, ,4, ,
0, ,4, ,
0, ,4, ,
0, ,4, ,
0, ,4, ,
0, ,4, ,
0, ,4, ,
0, ,4, ,
0, ,4, ,
0, ,4, ,
0, ,4, ,
0, ,4, ,
0, ,4, ,
0, ,4, ,
0, ,4, ,
0, ,4, ,
0, ,4, ,
0, ,4, ,
0, ,4, ,
0, ,4, ,
0, ,4, ,
0, ,4, ,
0, ,4, ,
0, ,4, ,
0, ,4, ,
0, ,4, ,
0, ,4, ,
0, ,4, ,
0, ,4, ,
0, ,4, ,
0, ,4, ,
0, ,4, ,
0, ,4, ,
0, ,4, ,
0, ,4, ,
0, ,4, ,
0, ,4, ,
0, ,4, ,
0, ,4, ,
0, ,4, ,
0, ,4, ,
0, ,4, ,
0, ,4, ,
0, ,4, ,
0, ,4, ,
0, ,4, ,
0, ,4, ,
0, ,4, ,
0, ,4, ,
0, ,4, ,
0, ,4, ,
0, ,4, ,
0, ,4, ,
0, ,4, ,
0, ,4, ,
0, ,4, ,
0, ,4, ,
0, ,4, ,
0, ,4, ,
0, ,4, ,
0, ,4, ,
0, ,4, ,
0, ,4, ,
0, ,4, ,
0, ,4, ,
0, ,4, ,
0, ,4, ,
0, ,4, ,
0, ,4, ,
0, ,4, ,
0, ,4, ,
0, ,4, ,
0, ,4, ,
0, ,4, ,
0, ,4, ,
0, ,4, ,
0, ,4, ,
0, ,4, ,
0, ,4, ,
0, ,4, ,
0, ,4, ,
0, ,4, ,
0, ,4, ,
0, ,4, ,
0, ,4, ,
0, ,4, ,
0, ,4, ,
0, ,4, ,
0, ,4, ,
0, ,4, ,
0, ,4, ,
0, ,4, ,
0, ,4, ,
0, ,4, ,
0, ,4, ,
0, ,4, ,
0, ,4, ,
0, ,4, ,
0, ,4, ,
0, ,4, ,
0, ,4, ,
0, ,4, ,
0, ,4, ,
0, ,4, ,
0, ,4, ,
0, ,4, ,
0, ,4, ,
0, ,4, ,
0, ,4, ,
0, ,4, ,
0, ,4, ,
0, ,4, ,
0, ,4, ,
0, ,4, ,
0, ,4, ,
0, ,4, ,
0, ,4, ,
0, ,4, ,
0, ,4, ,
0, ,4, ,
0, ,4, ,
0, ,4, ,
0, ,4, ,
0, ,4, ,
0, ,4, ,
0, ,4, ,
0, ,4, ,
0, ,4, ,
0, ,4, ,
0, ,4, ,
0, ,4, ,
0, ,4, ,
0, ,4, ,
0, ,4, ,
0, ,4, ,
0, ,4, ,
0, ,4, ,
0, ,4, ,
0, ,4, ,
0, ,4, ,
0, ,4, ,
0, ,4, ,
0, ,4, ,
0, ,4, ,
0, ,4, ,
0, ,4, ,
0, ,4, ,
0, ,4, ,
0, ,4, ,
0, ,4, ,
0, ,4, ,
0, ,4, ,
0, ,4, ,
0, ,4, ,
0, ,4, ,
0, ,4, ,
0, ,4, ,
0, ,4, ,
0, ,4, ,
0, ,4, ,
0, ,4, ,
0, ,4, ,
0, ,4, ,
0, ,4, ,
0, ,4, ,
0, ,4, ,
0, ,4, ,
0, ,4, ,
0, ,4, ,
0, ,4, ,
0, ,4, ,
0, ,4, ,
0, ,4, ,
0, ,4, ,
0, ,4, ,
0, ,4, ,
0, ,4, ,
0, ,4, ,
0, ,4, ,
0, ,4, ,
0, ,4, ,
0, ,4, ,
0, ,4, ,
0, ,4, ,
0, ,4, ,
0, ,4, ,
0, ,4, ,
0, ,4, ,
0, ,4, ,
0, ,4, ,
0, ,4, ,
0, ,4, ,
0, ,4, ,
0, ,4, ,
0, ,4, ,
0, ,4, ,
0, ,4, ,
0, ,4, ,
0, ,4, ,
0, ,4, ,
0, ,4, ,
0, ,4, ,
0, ,4, ,
0, ,4, ,
0, ,4, ,
0, ,4, ,
0, ,4, ,
0, ,4, ,
0, ,4, ,
0, ,4, ,
0, ,4, ,
0, ,4, ,
0, ,4, ,
0, ,4, ,
0, ,4, ,
0, ,4, ,
0, ,4, ,
0, ,4, ,
0, ,4, ,
0, ,4, ,
0, ,4, ,
0, ,4, ,
0, ,4, ,
0, ,4, ,
0, ,4, ,
0, ,4, ,
0, ,4, ,
0, ,4, ,
0, ,4, ,
0, ,4, ,
0, ,4, ,
0, ,4, ,
0, ,4, ,
0, ,4, ,
0, ,4, ,
0, ,4, ,
0, ,4, ,
0, ,4, ,
0, ,4, ,
0, ,4, ,
0, ,4, ,
0, ,4, ,
0, ,4, ,
0, ,4, ,
0, ,4, ,
0, ,4, ,
0, ,4, ,
0, ,4, ,
0, ,4, ,
0, ,4, ,
0, ,4, ,
0, ,4, ,
0, ,4, ,
0, ,4, ,
0, ,4, ,
0, ,4, ,
0, ,4, ,
0, ,4, ,
0, ,4, ,
0, ,4, ,
0, ,4, ,
0, ,4, ,
0, ,4, ,
0, ,4, ,
0, ,4, ,
0, ,4, ,
0, ,4, ,
0, ,4, ,
0, ,4, ,
68, ,4, ,
65, ,4, ,
47, ,4, ,
29, ,4, ,
16, ,4, ,
9, ,4, ,
4, ,4, ,
2, ,4, ,
1, ,4, ,
-1, ,4, ,
-1, ,4, ,
-1, ,4, ,
-1, ,4, ,
-1, ,4, ,
-1, ,4, ,
0, ,4, ,
-1, ,4, ,
0, ,4, ,
0, ,4, ,
0, ,4, ,
0, ,4, ,
0, ,4, ,
0, ,4, ,
0, ,4, ,
0, ,4, ,
0, ,4, ,
0, ,4, ,
0, ,4, ,
0, ,4, ,
0, ,4, ,
0, ,4, ,
0, ,4, ,
0, ,4, ,
0, ,4, ,
0, ,4, ,
-1, ,4, ,
-3, ,4, ,
-8, ,4, ,
-11, ,4, ,
-11, ,4, ,
-3, ,4, ,
-2, ,4, ,
0, ,4, ,
-3, ,4, ,
-3, ,4, ,
-4, ,4, ,
-6, ,4, ,
-5, ,4, ,
-3, ,4, ,
-4, ,4, ,
-4, ,4, ,
-5, ,4, ,
-4, ,4, ,
-1, ,4, ,
2, ,4, ,
1, ,4, ,
0, ,4, ,
-1, ,4, ,
2, ,4, ,
-3, ,4, ,
-7, ,4, ,
-8, ,4, ,
-8, ,4, ,
-7, ,4, ,
-4, ,4, ,
-2, ,4, ,
0, ,4, ,
2, ,4, ,
2, ,4, ,
1, ,4, ,
-3, ,4, ,
-5, ,4, ,
-5, ,4, ,
-4, ,4, ,
-4, ,4, ,
-3, ,4, ,
-4, ,4, ,
-3, ,4, ,
0, ,4, ,
-2, ,4, ,
-1, ,4, ,
0, ,4, ,
-1, ,4, ,
-1, ,4, ,
-1, ,4, ,
-2, ,4, ,
-2, ,4, ,
-2, ,4, ,
-2, ,4, ,
-1, ,4, ,
0, ,4, ,
-1, ,4, ,
-2, ,4, ,
-1, ,4, ,
-1, ,4, ,
0, ,4, ,
-1, ,4, ,
0, ,4, ,
0, ,4, ,
0, ,4, ,
0, ,4, ,
0, ,4, ,
0, ,4, ,
0, ,4, ,
-1, ,4, ,
-1, ,4, ,
-2, ,4, ,
-3, ,4, ,
-2, ,4, ,
-1, ,4, ,
-2, ,4, ,
-3, ,4, ,
-1, ,4, ,
0, ,4, ,
-1, ,4, ,
-1, ,4, ,
0, ,4, ,
0, ,4, ,
0, ,4, ,
0, ,4, ,
0, ,4, ,
0, ,4, ,
0, ,4, ,
0, ,4, ,
0, ,4, ,
0, ,4, ,
0, ,4, ,
0, ,4, ,
0, ,4, ,
0, ,4, ,
-1, ,4, ,
-12, ,4, ,
-35, ,4, ,
-1, ,4, ,
63, ,4, ,
0, ,4, ,
-3, ,4, ,
8, ,4, ,
-6, ,4, ,
-12, ,4, ,
0, ,4, ,
-1, ,4, ,
-18, ,4, ,
-4, ,4, ,
-2, ,4, ,
5, ,4, ,
-9, ,4, ,
-7, ,4, ,
3, ,4, ,
6, ,4, ,
1, ,4, ,
-2, ,4, ,
2, ,4, ,
3, ,4, ,
-1, ,4, ,
-4, ,4, ,
-2, ,4, ,
-2, ,4, ,
2, ,4, ,
3, ,4, ,
3, ,4, ,
3, ,4, ,
1, ,4, ,
-2, ,4, ,
-3, ,4, ,
-1, ,4, ,
1, ,4, ,
4, ,4, ,
1, ,4, ,
-1, ,4, ,
-3, ,4, ,
-3, ,4, ,
0, ,4, ,
2, ,4, ,
2, ,4, ,
0, ,4, ,
0, ,4, ,
0, ,4, ,
-1, ,4, ,
-1, ,4, ,
1, ,4, ,
0, ,4, ,
-1, ,4, ,
0, ,4, ,
1, ,4, ,
0, ,4, ,
0, ,4, ,
0, ,4, ,
-1, ,4, ,
0, ,4, ,
0, ,4, ,
0, ,4, ,
0, ,4, ,
1, ,4, ,
0, ,4, ,
0, ,4, ,
1, ,4, ,
1, ,4, ,
0, ,4, ,
0, ,4, ,
1, ,4, ,
0, ,4, ,
-1, ,4, ,
-1, ,4, ,
-1, ,4, ,
-1, ,4, ,
0, ,4, ,
-1, ,4, ,
-1, ,4, ,
0, ,4, ,
0, ,4, ,
1, ,4, ,
0, ,4, ,
0, ,4, ,
0, ,4, ,
-1, ,4, ,
3, ,4, ,
1, ,4, ,
-2, ,4, ,
1, ,4, ,
0, ,4, ,
0, ,4, ,
1, ,4, ,
1, ,4, ,
1, ,4, ,
-2, ,4, ,
-2, ,4, ,
-1, ,4, ,
0, ,4, ,
0, ,4, ,
-1, ,4, ,
-1, ,4, ,
-1, ,4, ,
-1, ,4, ,
0, ,4, ,
0, ,4, ,
0, ,4, ,
0, ,4, ,
0, ,4, ,
0, ,4, ,
0, ,4, ,
0, ,4, ,
0, ,4, ,
0, ,4, ,
0, ,4, ,
0, ,4, ,
0, ,4, ,
-1, ,4, ,
0, ,4, ,
0, ,4, ,
0, ,4, ,
0, ,4, ,
0, ,4, ,
0, ,4, ,
0, ,4, ,
0, ,4, ,
0, ,4, ,
0, ,4, ,
0, ,4, ,
1, ,4, ,
1, ,4, ,
0, ,4, ,
0, ,4, ,
-2, ,4, ,
-1, ,4, ,
1, ,4, ,
1, ,4, ,
1, ,4, ,
-1, ,4, ,
0, ,4, ,
1, ,4, ,
-1, ,4, ,
0, ,4, ,
0, ,4, ,
0, ,4, ,
0, ,4, ,
0, ,4, ,
0, ,4, ,
-2, ,4, ,
0, ,4, ,
1, ,4, ,
1, ,4, ,
-1, ,4, ,
0, ,4, ,
3, ,4, ,
2, ,4, ,
0, ,4, ,
0, ,4, ,
1, ,4, ,
-1, ,4, ,
0, ,4, ,
1, ,4, ,
1, ,4, ,
0, ,4, ,
0, ,4, ,
-1, ,4, ,
-1, ,4, ,
1, ,4, ,
1, ,4, ,
0, ,4, ,
0, ,4, ,
1, ,4, ,
0, ,4, ,
0, ,4, ,
0, ,4, ,
-1, ,4, ,
0, ,4, ,
0, ,4, ,
-1, ,4, ,
0, ,4, ,
0, ,4, ,
0, ,4, ,
0, ,4, ,
-1, ,4, ,
0, ,4, ,
1, ,4, ,
1, ,4, ,
1, ,4, ,
-2, ,4, ,
-1, ,4, ,
0, ,4, ,
0, ,4, ,
0, ,4, ,
0, ,4, ,
0, ,4, ,
0, ,4, ,
0, ,4, ,
0, ,4, ,
0, ,4, ,
0, ,4, ,
0, ,4, ,
0, ,4, ,
0, ,4, ,
0, ,4, ,
0, ,4, ,
-1, ,4, ,
-1, ,4, ,
0, ,4, ,
0, ,4, ,
0, ,4, ,
0, ,4, ,
0, ,4, ,
0, ,4, ,
1, ,4, ,
0, ,4, ,
-1, ,4, ,
0, ,4, ,
0, ,4, ,
-1, ,4, ,
0, ,4, ,
0, ,4, ,
-1, ,4, ,
-1, ,4, ,
0, ,4, ,
0, ,4, ,
0, ,4, ,
0, ,4, ,
0, ,4, ,
0, ,4, ,
0, ,4, ,
0, ,4, ,
0, ,4, ,
0, ,4, ,
0, ,4, ,
0, ,4, ,
0, ,4, ,
0, ,4, ,
0, ,4, ,
0, ,4, ,
0, ,4, ,
0, ,4, ,
0, ,4, ,
0, ,4, ,
0, ,4, ,
0, ,4, ,
0, ,4, ,
0, ,4, ,
0, ,4, ,
0, ,4, ,
0, ,4, ,
0, ,4, ,
0, ,4, ,
0, ,4, ,
0, ,4, ,
0, ,4, ,
0, ,4, ,
0, ,4, ,
0, ,4, ,
0, ,4, ,
0, ,4, ,
0, ,4, ,
0, ,4, ,
0, ,4, ,
0, ,4, ,
0, ,4, ,
0, ,4, ,
0, ,4, ,
0, ,4, ,
0, ,4, ,
0, ,4, ,
0, ,4, ,
0, ,4, ,
0, ,4, ,
0, ,4, ,
0, ,4, ,
0, ,4, ,
1, ,4, ,
0, ,4, ,
0, ,4, ,
0, ,4, ,
0, ,4, ,
0, ,4, ,
0, ,4, ,
0, ,4, ,
0, ,4, ,
0, ,4, ,
0, ,4, ,
0, ,4, ,
0, ,4, ,
0, ,4, ,
0, ,4, ,
0, ,4, ,
0, ,4, ,
0, ,4, ,
0, ,4, ,
0, ,4, ,
0, ,4, ,
0, ,4, ,
0, ,4, ,
0, ,4, ,
0, ,4, ,
0, ,4, ,
0, ,4, ,
0, ,4, ,
0, ,4, ,
0, ,4, ,
0, ,4, ,
0, ,4, ,
0, ,4, ,
0, ,4, ,
0, ,4, ,
0, ,4, ,
0, ,4, ,
0, ,4, ,
0, ,4, ,
0, ,4, ,
0, ,4, ,
0, ,4, ,
0, ,4, ,
0, ,4, ,
0, ,4, ,
0, ,4, ,
0, ,4, ,
0, ,4, ,
0, ,4, ,
0, ,4, ,
0, ,4, ,
0, ,4, ,
0, ,4, ,
0, ,4, ,
0, ,4, ,
0, ,4, ,
0, ,4, ,
0, ,4, ,
0, ,4, ,
0, ,4, ,
0, ,4, ,
0, ,4, ,
0, ,4, ,
0, ,4, ,
0, ,4, ,
0, ,4, ,
0, ,4, ,
0, ,4, ,
0, ,4, ,
0, ,4, ,
0, ,4, ,
0, ,4, ,
0, ,4, ,
0, ,4, ,
0, ,4, ,
0, ,4, ,
0, ,4, ,
0, ,4, ,
0, ,4, ,
0, ,4, ,
0, ,4, ,
0, ,4, ,
0, ,4, ,
0, ,4, ,
-1, ,4, ,
0, ,4, ,
0, ,4, ,
0, ,4, ,
0, ,4, ,
0, ,4, ,
-1, ,4, ,
0, ,4, ,
0, ,4, ,
0, ,4, ,
0, ,4, ,
0, ,4, ,
0, ,4, ,
0, ,4, ,
0, ,4, ,
0, ,4, ,
-1, ,4, ,
0, ,4, ,
0, ,4, ,
0, ,4, ,
0, ,4, ,
0, ,4, ,
0, ,4, ,
0, ,4, ,
0, ,4, ,
0, ,4, ,
0, ,4, ,
0, ,4, ,
0, ,4, ,
0, ,4, ,
-1, ,4, ,
0, ,4, ,
0, ,4, ,
0, ,4, ,
0, ,4, ,
0, ,4, ,
0, ,4, ,
-1, ,4, ,
0, ,4, ,
0, ,4, ,
0, ,4, ,
0, ,4, ,
0, ,4, ,
1, ,4, ,
0, ,4, ,
0, ,4, ,
0, ,4, ,
0, ,4, ,
0, ,4, ,
0, ,4, ,
0, ,4, ,
0, ,4, ,
0, ,4, ,
0, ,4, ,
0, ,4, ,
0, ,4, ,
0, ,4, ,
0, ,4, ,
0, ,4, ,
0, ,4, ,
1, ,4, ,
0, ,4, ,
0, ,4, ,
0, ,4, ,
0, ,4, ,
-1, ,4, ,
0, ,4, ,
2, ,4, ,
0, ,4, ,
-1, ,4, ,
0, ,4, ,
-1, ,4, ,
-1, ,4, ,
1, ,4, ,
0, ,4, ,
0, ,4, ,
0, ,4, ,
0, ,4, ,
0, ,4, ,
0, ,4, ,
0, ,4, ,
0, ,4, ,
1, ,4, ,
0, ,4, ,
0, ,4, ,
0, ,4, ,
0, ,4, ,
0, ,4, ,
0, ,4, ,
0, ,4, ,
0, ,4, ,
0, ,4, ,
0, ,4, ,
0, ,4, ,
0, ,4, ,
0, ,4, ,
0, ,4, ,
0, ,4, ,
0, ,4, ,
0, ,4, ,
0, ,4, ,
0, ,4, ,
0, ,4, ,
0, ,4, ,
0, ,4, ,
0, ,4, ,
0, ,4, ,
0, ,4, ,
0, ,4, ,
0, ,4, ,
0, ,4, ,
0, ,4, ,
0, ,4, ,
0, ,4, ,
0, ,4, ,
0, ,4, ,
0, ,4, ,
0, ,4, ,
0, ,4, ,
0, ,4, ,
0, ,4, ,
0, ,4, ,
0, ,4, ,
0, ,4, ,
0, ,4, ,
1, ,4, ,
0, ,4, ,
-1, ,4, ,
0, ,4, ,
0, ,4, ,
0, ,4, ,
0, ,4, ,
0, ,4, ,
0, ,4, ,
0, ,4, ,
0, ,4, ,
0, ,4, ,
0, ,4, ,
0, ,4, ,
0, ,4, ,
0, ,4, ,
0, ,4, ,
0, ,4, ,
0, ,4, ,
0, ,4, ,
0, ,4, ,
0, ,4, ,
1, ,4, ,
1, ,4, ,
0, ,4, ,
-1, ,4, ,
0, ,4, ,
0, ,4, ,
0, ,4, ,
0, ,4, ,
-1, ,4, ,
0, ,4, ,
0, ,4, ,
0, ,4, ,
0, ,4, ,
0, ,4, ,
0, ,4, ,
0, ,4, ,
1, ,4, ,
0, ,4, ,
-1, ,4, ,
0, ,4, ,
1, ,4, ,
0, ,4, ,
0, ,4, ,
0, ,4, ,
0, ,4, ,
-1, ,4, ,
0, ,4, ,
1, ,4, ,
0, ,4, ,
-1, ,4, ,
0, ,4, ,
0, ,4, ,
0, ,4, ,
0, ,4, ,
0, ,4, ,
0, ,4, ,
0, ,4, ,
0, ,4, ,
0, ,4, ,
0, ,4, ,
0, ,4, ,
0, ,4, ,
1, ,4, ,
0, ,4, ,
0, ,4, ,
0, ,4, ,
0, ,4, ,
0, ,4, ,
0, ,4, ,
0, ,4, ,
0, ,4, ,
0, ,4, ,
0, ,4, ,
0, ,4, ,
0, ,4, ,
0, ,4, ,
0, ,4, ,
0, ,4, ,
0, ,4, ,
0, ,4, ,
0, ,4, ,
0, ,4, ,
0, ,4, ,
0, ,4, ,
0, ,4, ,
0, ,4, ,
0, ,4, ,
0, ,4, ,
0, ,4, ,
0, ,4, ,
0, ,4, ,
0, ,4, ,
0, ,4, ,
0, ,4, ,
0, ,4, ,
0, ,4, ,
0, ,4, ,
0, ,4, ,
0, ,4, ,
0, ,4, ,
0, ,4, ,
0, ,4, ,
0, ,4, ,
0, ,4, ,
0, ,4, ,
0, ,4, ,
0, ,4, ,
0, ,4, ,
0, ,4, ,
0, ,4, ,
1, ,4, ,
0, ,4, ,
-1, ,4, ,
-1, ,4, ,
1, ,4, ,
0, ,4, ,
0, ,4, ,
0, ,4, ,
0, ,4, ,
0, ,4, ,
0, ,4, ,
0, ,4, ,
0, ,4, ,
0, ,4, ,
0, ,4, ,
0, ,4, ,
0, ,4, ,
0, ,4, ,
0, ,4, ,
0, ,4, ,
0, ,4, ,
0, ,4, ,
0, ,4, ,
0, ,4, ,
0, ,4, ,
0, ,4, ,
0, ,4, ,
0, ,4, ,
0, ,4, ,
0, ,4, ,
0, ,4, ,
0, ,4, ,
0, ,4, ,
0, ,4, ,
0, ,4, ,
1, ,4, ,
1, ,4, ,
1, ,4, ,
-1, ,4, ,
-1, ,4, ,
0, ,4, ,
0, ,4, ,
0, ,4, ,
0, ,4, ,
0, ,4, ,
0, ,4, ,
0, ,4, ,
0, ,4, ,
0, ,4, ,
0, ,4, ,
1, ,4, ,
0, ,4, ,
0, ,4, ,
0, ,4, ,
0, ,4, ,
0, ,4, ,
0, ,4, ,
0, ,4, ,
0, ,4, ,
0, ,4, ,
0, ,4, ,
0, ,4, ,
0, ,4, ,
0, ,4, ,
0, ,4, ,
0, ,4, ,
0, ,4, ,
0, ,4, ,
0, ,4, ,
0, ,4, ,
0, ,4, ,
0, ,4, ,
0, ,4, ,
0, ,4, ,
0, ,4, ,
0, ,4, ,
0, ,4, ,
0, ,4, ,
0, ,4, ,
0, ,4, ,
0, ,4, ,
0, ,4, ,
0, ,4, ,
0, ,4, ,
0, ,4, ,
0, ,4, ,
0, ,4, ,
0, ,4, ,
0, ,4, ,
0, ,4, ,
0, ,4, ,
0, ,4, ,
0, ,4, ,
0, ,4, ,
0, ,4, ,
0, ,4, ,
0, ,4, ,
0, ,4, ,
0, ,4, ,
0, ,4, ,
0, ,4, ,
0, ,4, ,
0, ,4, ,
0, ,4, ,
0, ,4, ,
0, ,4, ,
0, ,4, ,
0, ,4, ,
0, ,4, ,
0, ,4, ,
0, ,4, ,
0, ,4, ,
0, ,4, ,
0, ,4, ,
0, ,4, ,
0, ,4, ,
0, ,4, ,
0, ,4, ,
0, ,4, ,
2, ,4, ,
1, ,4, ,
-3, ,4, ,
-1, ,4, ,
1, ,4, ,
0, ,4, ,
0, ,4, ,
0, ,4, ,
0, ,4, ,
0, ,4, ,
0, ,4, ,
0, ,4, ,
0, ,4, ,
0, ,4, ,
0, ,4, ,
0, ,4, ,
0, ,4, ,
0, ,4, ,
0, ,4, ,
0, ,4, ,
0, ,4, ,
0, ,4, ,
0, ,4, ,
0, ,4, ,
0, ,4, ,
0, ,4, ,
0, ,4, ,
0, ,4, ,
0, ,4, ,
0, ,4, ,
0, ,4, ,
0, ,4, ,
0, ,4, ,
0, ,4, ,
0, ,4, ,
0, ,4, ,
0, ,4, ,
0, ,4, ,
0, ,4, ,
0, ,4, ,
0, ,4, ,
0, ,4, ,
0, ,4, ,
0, ,4, ,
0, ,4, ,
1, ,4, ,
1, ,4, ,
0, ,4, ,
-1, ,4, ,
0, ,4, ,
0, ,4, ,
1, ,4, ,
1, ,4, ,
-1, ,4, ,
-1, ,4, ,
0, ,4, ,
0, ,4, ,
0, ,4, ,
0, ,4, ,
0, ,4, ,
0, ,4, ,
0, ,4, ,
0, ,4, ,
0, ,4, ,
0, ,4, ,
0, ,4, ,
0, ,4, ,
0, ,4, ,
0, ,4, ,
0, ,4, ,
0, ,4, ,
0, ,4, ,
0, ,4, ,
0, ,4, ,
0, ,4, ,
0, ,4, ,
0, ,4, ,
0, ,4, ,
0, ,4, ,
0, ,4, ,
0, ,4, ,
0, ,4, ,
0, ,4, ,
0, ,4, ,
0, ,4, ,
0, ,4, ,
0, ,4, ,
0, ,4, ,
0, ,4, ,
0, ,4, ,
1, ,4, ,
0, ,4, ,
-1, ,4, ,
-1, ,4, ,
0, ,4, ,
0, ,4, ,
0, ,4, ,
0, ,4, ,
0, ,4, ,
0, ,4, ,
0, ,4, ,
0, ,4, ,
0, ,4, ,
0, ,4, ,
0, ,4, ,
0, ,4, ,
0, ,4, ,
0, ,4, ,
0, ,4, ,
0, ,4, ,
0, ,4, ,
0, ,4, ,
0, ,4, ,
0, ,4, ,
0, ,4, ,
0, ,4, ,
0, ,4, ,
0, ,4, ,
0, ,4, ,
0, ,4, ,
0, ,4, ,
0, ,4, ,
0, ,4, ,
0, ,4, ,
0, ,4, ,
0, ,4, ,
0, ,4, ,
0, ,4, ,
0, ,4, ,
0, ,4, ,
0, ,4, ,
0, ,4, ,
0, ,4, ,
0, ,4, ,
0, ,4, ,
0, ,4, ,
0, ,4, ,
0, ,4, ,
0, ,4, ,
0, ,4, ,
0, ,4, ,
0, ,4, ,
0, ,4, ,
0, ,4, ,
0, ,4, ,
0, ,4, ,
0, ,4, ,
0, ,4, ,
0, ,4, ,
0, ,4, ,
0, ,4, ,
0, ,4, ,
0, ,4, ,
0, ,4, ,
0, ,4, ,
0, ,4, ,
0, ,4, ,
0, ,4, ,
0, ,4, ,
0, ,4, ,
0, ,4, ,
0, ,4, ,
0, ,4, ,
0, ,4, ,
0, ,4, ,
0, ,4, ,
0, ,4, ,
0, ,4, ,
0, ,4, ,
0, ,4, ,
0, ,4, ,
0, ,4, ,
0, ,4, ,
0, ,4, ,
0, ,4, ,
0, ,4, ,
0, ,4, ,
0, ,4, ,
0, ,4, ,
0, ,4, ,
0, ,4, ,
0, ,4, ,
0, ,4, ,
0, ,4, ,
0, ,4, ,
0, ,4, ,
0, ,4, ,
0, ,4, ,
0, ,4, ,
0, ,4, ,
0, ,4, ,
0, ,4, ,
0, ,4, ,
0, ,4, ,
0, ,4, ,
0, ,4, ,
0, ,4, ,
0, ,4, ,
0, ,4, ,
0, ,4, ,
0, ,4, ,
0, ,4, ,
0, ,4, ,
0, ,4, ,
0, ,4, ,
0, ,4, ,
0, ,4, ,
0, ,4, ,
0, ,4, ,
0, ,4, ,
0, ,4, ,
0, ,4, ,
0, ,4, ,
0, ,4, ,
0, ,4, ,
0, ,4, ,
0, ,4, ,
0, ,4, ,
0, ,4, ,
0, ,4, ,
0, ,4, ,
0, ,4, ,
0, ,4, ,
0, ,4, ,
0, ,4, ,
0, ,4, ,
0, ,4, ,
0, ,4, ,
0, ,4, ,
0, ,4, ,
0, ,4, ,
0, ,4, ,
0, ,4, ,
0, ,4, ,
0, ,4, ,
0, ,4, ,
0, ,4, ,
0, ,4, ,
0, ,4, ,
0, ,4, ,
0, ,4, ,
0, ,4, ,
0, ,4, ,
0, ,4, ,
0, ,4, ,
0, ,4, ,
0, ,4, ,
0, ,4, ,
0, ,4, ,
0, ,4, ,
0, ,4, ,
0, ,4, ,
-1, ,4, ,
0, ,4, ,
0, ,4, ,
0, ,4, ,
0, ,4, ,
0, ,4, ,
0, ,4, ,
0, ,4, ,
0, ,4, ,
0, ,4, ,
0, ,4, ,
0, ,4, ,
0, ,4, ,
0, ,4, ,
0, ,4, ,
0, ,4, ,
0, ,4, ,
0, ,4, ,
0, ,4, ,
0, ,4, ,
0, ,4, ,
0, ,4, ,
0, ,4, ,
0, ,4, ,
0, ,4, ,
0, ,4, ,
0, ,4, ,
0, ,4, ,
0, ,4, ,
0, ,4, ,
0, ,4, ,
0, ,4, ,
0, ,4, ,
0, ,4, ,
0, ,4, ,
0, ,4, ,
0, ,4, ,
0, ,4, ,
0, ,4, ,
0, ,4, ,
0, ,4, ,
0, ,4, ,
0, ,4, ,
0, ,4, ,
-1, ,4, ,
0, ,4, ,
0, ,4, ,
0, ,4, ,
0, ,4, ,
0, ,4, ,
0, ,4, ,
0, ,4, ,
0, ,4, ,
0, ,4, ,
0, ,4, ,
0, ,4, ,
0, ,4, ,
0, ,4, ,
0, ,4, ,
0, ,4, ,
0, ,4, ,
0, ,4, ,
0, ,4, ,
0, ,4, ,
0, ,4, ,
-1, ,4, ,
0, ,4, ,
0, ,4, ,
0, ,4, ,
0, ,4, ,
0, ,4, ,
0, ,4, ,
0, ,4, ,
0, ,4, ,
0, ,4, ,
0, ,4, ,
0, ,4, ,
0, ,4, ,
0, ,4, ,
0, ,4, ,
0, ,4, ,
0, ,4, ,
0, ,4, ,
0, ,4, ,
0, ,4, ,
0, ,4, ,
0, ,4, ,
0, ,4, ,
0, ,4, ,
0, ,4, ,
0, ,4, ,
0, ,4, ,
0, ,4, ,
0, ,4, ,
0, ,4, ,
0, ,4, ,
0, ,4, ,
0, ,4, ,
0, ,4, ,
0, ,4, ,
0, ,4, ,
0, ,4, ,
0, ,4, ,
0, ,4, ,
0, ,4, ,
0, ,4, ,
0, ,4, ,
0, ,4, ,
0, ,4, ,
0, ,4, ,
0, ,4, ,
0, ,4, ,
0, ,4, ,
0, ,4, ,
0, ,4, ,
0, ,4, ,
0, ,4, ,
0, ,4, ,
0, ,4, ,
0, ,4, ,
0, ,4, ,
0, ,4, ,
0, ,4, ,
0, ,4, ,
0, ,4, ,
0, ,4, ,
0, ,4, ,
0, ,4, ,
0, ,4, ,
0, ,4, ,
0, ,4, ,
0, ,4, ,
0, ,4, ,
0, ,4, ,
0, ,4, ,
0, ,4, ,
0, ,4, ,
0, ,4, ,
0, ,4, ,
0, ,4, ,
0, ,4, ,
0, ,4, ,
0, ,4, ,
0, ,4, ,
0, ,4, ,
0, ,4, ,
0, ,4, ,
0, ,4, ,
0, ,4, ,
0, ,4, ,
0, ,4, ,
0, ,4, ,
0, ,4, ,
0, ,4, ,
0, ,4, ,
0, ,4, ,
0, ,4, ,
0, ,4, ,
0, ,4, ,
0, ,4, ,
0, ,4, ,
0, ,4, ,
0, ,4, ,
0, ,4, ,
0, ,4, ,
0, ,4, ,
0, ,4, ,
0, ,4, ,
0, ,4, ,
0, ,4, ,
0, ,4, ,
0, ,4, ,
0, ,4, ,
0, ,4, ,
0, ,4, ,
0, ,4, ,
0, ,4, ,
0, ,4, ,
0, ,4, ,
0, ,4, ,
0, ,4, ,
0, ,4, ,
0, ,4, ,
0, ,4, ,
0, ,4, ,
0, ,4, ,
0, ,4, ,
0, ,4, ,
0, ,4, ,
0, ,4, ,
0, ,4, ,
0, ,4, ,
0, ,4, ,
0, ,4, ,
0, ,4, ,
0, ,4, ,
0, ,4, ,
0, ,4, ,
0, ,4, ,
0, ,4, ,
0, ,4, ,
0, ,4, ,
0, ,4, ,
0, ,4, ,
0, ,4, ,
0, ,4, ,
0, ,4, ,
0, ,4, ,
0, ,4, ,
0, ,4, ,
0, ,4, ,
0, ,4, ,
0, ,4, ,
0, ,4, ,
0, ,4, ,
0, ,4, ,
0, ,4, ,
0, ,4, ,
0, ,4, ,
0, ,4, ,
0, ,4, ,
0, ,4, ,
0, ,4, ,
0, ,4, ,
0, ,4, ,
0, ,4, ,
0, ,4, ,
0, ,4, ,
0, ,4, ,
0, ,4, ,
0, ,4, ,
0, ,4, ,
0, ,4, ,
0, ,4, ,
-1, ,4, ,
0, ,4, ,
1, ,4, ,
0, ,4, ,
0, ,4, ,
0, ,4, ,
0, ,4, ,
0, ,4, ,
0, ,4, ,
0, ,4, ,
0, ,4, ,
0, ,4, ,
0, ,4, ,
0, ,4, ,
0, ,4, ,
0, ,4, ,
0, ,4, ,
0, ,4, ,
0, ,4, ,
0, ,4, ,
0, ,4, ,
0, ,4, ,
0, ,4, ,
0, ,4, ,
0, ,4, ,
0, ,4, ,
0, ,4, ,
0, ,4, ,
0, ,4, ,
0, ,4, ,
0, ,4, ,
0, ,4, ,
0, ,4, ,
0, ,4, ,
0, ,4, ,
0, ,4, ,
0, ,4, ,
0, ,4, ,
0, ,4, ,
0, ,4, ,
0, ,4, ,
0, ,4, ,
0, ,4, ,
0, ,4, ,
-1, ,4, ,
0, ,4, ,
0, ,4, ,
0, ,4, ,
0, ,4, ,
0, ,4, ,
0, ,4, ,
0, ,4, ,
0, ,4, ,
0, ,4, ,
0, ,4, ,
0, ,4, ,
0, ,4, ,
0, ,4, ,
0, ,4, ,
0, ,4, ,
0, ,4, ,
0, ,4, ,
0, ,4, ,
0, ,4, ,
0, ,4, ,
0, ,4, ,
0, ,4, ,
0, ,4, ,
0, ,4, ,
0, ,4, ,
0, ,4, ,
0, ,4, ,
0, ,4, ,
0, ,4, ,
0, ,4, ,
0, ,4, ,
0, ,4, ,
0, ,4, ,
0, ,4, ,
0, ,4, ,
0, ,4, ,
0, ,4, ,
0, ,4, ,
0, ,4, ,
0, ,4, ,
0, ,4, ,
0, ,4, ,
0, ,4, ,
0, ,4, ,
0, ,4, ,
0, ,4, ,
0, ,4, ,
0, ,4, ,
0, ,4, ,
0, ,4, ,
0, ,4, ,
0, ,4, ,
0, ,4, ,
0, ,4, ,
0, ,4, ,
0, ,4, ,
0, ,4, ,
0, ,4, ,
0, ,4, ,
0, ,4, ,
0, ,4, ,
0, ,4, ,
0, ,4, ,
0, ,4, ,
0, ,4, ,
0, ,4, ,
0, ,4, ,
0, ,4, ,
0, ,4, ,
0, ,4, ,
0, ,4, ,
0, ,4, ,
0, ,4, ,
0, ,4, ,
0, ,4, ,
0, ,4, ,
0, ,4, ,
0, ,4, ,
0, ,4, ,
0, ,4, ,
0, ,4, ,
0, ,4, ,
0, ,4, ,
0, ,4, ,
0, ,4, ,
0, ,4, ,
0, ,4, ,
0, ,4, ,
0, ,4, ,
0, ,4, ,
0, ,4, ,
0, ,4, ,
0, ,4, ,
0, ,4, ,
0, ,4, ,
0, ,4, ,
0, ,4, ,
0, ,4, ,
0, ,4, ,
0, ,4, ,
0, ,4, ,
0, ,4, ,
0, ,4, ,
0, ,4, ,
0, ,4, ,
0, ,4, ,
0, ,4, ,
0, ,4, ,
0, ,4, ,
0, ,4, ,
0, ,4, ,
0, ,4, ,
0, ,4, ,
0, ,4, ,
0, ,4, ,
0, ,4, ,
0, ,4, ,
0, ,4, ,
0, ,4, ,
0, ,4, ,
0, ,4, ,
0, ,4, ,
0, ,4, ,
0, ,4, ,
0, ,4, ,
0, ,4, ,
0, ,4, ,
0, ,4, ,
0, ,4, ,
0, ,4, ,
0, ,4, ,
0, ,4, ,
0, ,4, ,
0, ,4, ,
0, ,4, ,
0, ,4, ,
0, ,4, ,
0, ,4, ,
0, ,4, ,
0, ,4, ,
0, ,4, ,
0, ,4, ,
0, ,4, ,
0, ,4, ,
0, ,4, ,
0, ,4, ,
0, ,4, ,
0, ,4, ,
0, ,4, ,
0, ,4, ,
0, ,4, ,
0, ,4, ,
0, ,4, ,
0, ,4, ,
0, ,4, ,
0, ,4, ,
0, ,4, ,
0, ,4, ,
0, ,4, ,
0, ,4, ,
0, ,4, ,
0, ,4, ,
0, ,4, ,
0, ,4, ,
0, ,4, ,
0, ,4, ,
0, ,4, ,
0, ,4, ,
0, ,4, ,
0, ,4, ,
0, ,4, ,
0, ,4, ,
0, ,4, ,
0, ,4, ,
0, ,4, ,
0, ,4, ,
0, ,4, ,
0, ,4, ,
0, ,4, ,
0, ,4, ,
0, ,4, ,
0, ,4, ,
0, ,4, ,
0, ,4, ,
0, ,4, ,
0, ,4, ,
0, ,4, ,
0, ,4, ,
0, ,4, ,
0, ,4, ,
0, ,4, ,
0, ,4, ,
0, ,4, ,
0, ,4, ,
0, ,4, ,
0, ,4, ,
0, ,4, ,
0, ,4, ,
0, ,4, ,
0, ,4, ,
0, ,4, ,
0, ,4, ,
0, ,4, ,
0, ,4, ,
0, ,4, ,
0, ,4, ,
0, ,4, ,
0, ,4, ,
0, ,4, ,
0, ,4, ,
0, ,4, ,
0, ,4, ,
0, ,4, ,
0, ,4, ,
0, ,4, ,
0, ,4, ,
0, ,4, ,
0, ,4, ,
0, ,4, ,
0, ,4, ,
0, ,4, ,
0, ,4, ,
0, ,4, ,
0, ,4, ,
0, ,4, ,
0, ,4, ,
0, ,4, ,
0, ,4, ,
0, ,4, ,
0, ,4, ,
0, ,4, ,
0, ,4, ,
0, ,4, ,
0, ,4, ,
0, ,4, ,
0, ,4, ,
0, ,4, ,
0, ,4, ,
0, ,4, ,
0, ,4, ,
0, ,4, ,
0, ,4, ,
0, ,4, ,
0, ,4, ,
0, ,4, ,
0, ,4, ,
0, ,4, ,
0, ,4, ,
0, ,4, ,
0, ,4, ,
0, ,4, ,
0, ,4, ,
0, ,4, ,
0, ,4, ,
0, ,4, ,
0, ,4, ,
0, ,4, ,
0, ,4, ,
0, ,4, ,
0, ,4, ,
0, ,4, ,
0, ,4, ,
0, ,4, ,
0, ,4, ,
0, ,4, ,
0, ,4, ,
0, ,4, ,
0, ,4, ,
0, ,4, ,
0, ,4, ,
0, ,4, ,
0, ,4, ,
0, ,4, ,
0, ,4, ,
0, ,4, ,
0, ,4, ,
0, ,4, ,
0, ,4, ,
0, ,4, ,
0, ,4, ,
0, ,4, ,
0, ,4, ,
0, ,4, ,
0, ,4, ,
0, ,4, ,
0, ,4, ,
0, ,4, ,
0, ,4, ,
0, ,4, ,
0, ,4, ,
0, ,4, ,
0, ,4, ,
0, ,4, ,
0, ,4, ,
0, ,4, ,
0, ,4, ,
0, ,4, ,
0, ,4, ,
0, ,4, ,
0, ,4, ,
0, ,4, ,
0, ,4, ,
0, ,4, ,
0, ,4, ,
0, ,4, ,
0, ,4, ,
0, ,4, ,
0, ,4, ,
0, ,4, ,
0, ,4, ,
0, ,4, ,
0, ,4, ,
0, ,4, ,
0, ,4, ,
0, ,4, ,
0, ,4, ,
0, ,4, ,
0, ,4, ,
0, ,4, ,
0, ,4, ,
0, ,4, ,
0, ,4, ,
0, ,4, ,
0, ,4, ,
0, ,4, ,
0, ,4, ,
0, ,4, ,
0, ,4, ,
0, ,4, ,
0, ,4, ,
0, ,4, ,
0, ,4, ,
0, ,4, ,
0, ,4, ,
0, ,4, ,
0, ,4, ,
0, ,4, ,
0, ,4, ,
0, ,4, ,
0, ,4, ,
0, ,4, ,
0, ,4, ,
0, ,4, ,
0, ,4, ,
0, ,4, ,
0, ,4, ,
0, ,4, ,
0, ,4, ,
0, ,4, ,
0, ,4, ,
0, ,4, ,
0, ,4, ,
0, ,4, ,
0, ,4, ,
0, ,4, ,
0, ,4, ,
0, ,4, ,
0, ,4, ,
0, ,4, ,
0, ,4, ,
0, ,4, ,
0, ,4, ,
0, ,4, ,
0, ,4, ,
0, ,4, ,
0, ,4, ,
0, ,4, ,
0, ,4, ,
0, ,4, ,
0, ,4, ,
0, ,4, ,
0, ,4, ,
0, ,4, ,
0, ,4, ,
0, ,4, ,
0, ,4, ,
0, ,4, ,
0, ,4, ,
0, ,4, ,
0, ,4, ,
0, ,4, ,
0, ,4, ,
0, ,4, ,
0, ,4, ,
0, ,4, ,
0, ,4, ,
0, ,4, ,
0, ,4, ,
0, ,4, ,
0, ,4, ,
0, ,4, ,
0, ,4, ,
0, ,4, ,
0, ,4, ,
0, ,4, ,
0, ,4, ,
0, ,4, ,
0, ,4, ,
0, ,4, ,
0, ,4, ,
0, ,4, ,
0, ,4, ,
0, ,4, ,
0, ,4, ,
0, ,4, ,
0, ,4, ,
0, ,4, ,
0, ,4, ,
0, ,4, ,
0, ,4, ,
0, ,4, ,
0, ,4, ,
0, ,4, ,
0, ,4, ,
0, ,4, ,
0, ,4, ,
0, ,4, ,
0, ,4, ,
0, ,4, ,
0, ,4, ,
0, ,4, ,
0, ,4, ,
0, ,4, ,
0, ,4, ,
0, ,4, ,
0, ,4, ,
0, ,4, ,
0, ,4, ,
0, ,4, ,
0, ,4, ,
0, ,4, ,
0, ,4, ,
0, ,4, ,
0, ,4, ,
0, ,4, ,
0, ,4, ,
0, ,4, ,
0, ,4, ,
0, ,4, ,
0, ,4, ,
0, ,4, ,
0, ,4, ,
0, ,4, ,
0, ,4, ,
0, ,4, ,
0, ,4, ,
0, ,4, ,
0, ,4, ,
0, ,4, ,
0, ,4, ,
0, ,4, ,
0, ,4, ,
0, ,4, ,
0, ,4, ,
0, ,4, ,
0, ,4, ,
0, ,4, ,
0, ,4, ,
0, ,4, ,
0, ,4, ,
0, ,4, ,
0, ,4, ,
0, ,4, ,
0, ,4, ,
0, ,4, ,
0, ,4, ,
0, ,4, ,
0, ,4, ,
0, ,4, ,
0, ,4, ,
0, ,4, ,
0, ,4, ,
0, ,4, ,
0, ,4, ,
0, ,4, ,
0, ,4, ,
0, ,4, ,
0, ,4, ,
0, ,4, ,
0, ,4, ,
0, ,4, ,
0, ,4, ,
0, ,4, ,
0, ,4, ,
0, ,4, ,
0, ,4, ,
0, ,4, ,
0, ,4, ,
0, ,4, ,
0, ,4, ,
0, ,4, ,
0, ,4, ,
0, ,4, ,
0, ,4, ,
0, ,4, ,
0, ,4, ,
0, ,4, ,
0, ,4, ,
0, ,4, ,
0, ,4, ,
0, ,4, ,
0, ,4, ,
0, ,4, ,
0, ,4, ,
0, ,4, ,
0, ,4, ,
0, ,4, ,
0, ,4, ,
0, ,4, ,
0, ,4, ,
0, ,4, ,
0, ,4, ,
0, ,4, ,
0, ,4, ,
0, ,4, ,
0, ,4, ,
0, ,4, ,
0, ,4, ,
0, ,4, ,
0, ,4, ,
0, ,4, ,
0, ,4, ,
0, ,4, ,
0, ,4, ,
0, ,4, ,
0, ,4, ,
0, ,4, ,
0, ,4, ,
0, ,4, ,
0, ,4, ,
0, ,4, ,
0, ,4, ,
0, ,4, ,
0, ,4, ,
0, ,4, ,
0, ,4, ,
0, ,4, ,
0, ,4, ,
0, ,4, ,
0, ,4, ,
0, ,4, ,
0, ,4, ,
0, ,4, ,
0, ,4, ,
0, ,4, ,
0, ,4, ,
0, ,4, ,
0, ,4, ,
0, ,4, ,
0, ,4, ,
0, ,4, ,
0, ,4, ,
0, ,4, ,
0, ,4, ,
0, ,4, ,
0, ,4, ,
0, ,4, ,
0, ,4, ,
0, ,4, ,
0, ,4, ,
0, ,4, ,
0, ,4, ,
0, ,4, ,
0, ,4, ,
0, ,4, ,
0, ,4, ,
0, ,4, ,
0, ,4, ,
0, ,4, ,
0, ,4, ,
0, ,4, ,
0, ,4, ,
0, ,4, ,
0, ,4, ,
0, ,4, ,
0, ,4, ,
0, ,4, ,
0, ,4, ,
0, ,4, ,
0, ,4, ,
0, ,4, ,
0, ,4, ,
0, ,4, ,
0, ,4, ,
0, ,4, ,
0, ,4, ,
0, ,4, ,
0, ,4, ,
0, ,4, ,
0, ,4, ,
0, ,4, ,
0, ,4, ,
0, ,4, ,
0, ,4, ,
0, ,4, ,
0, ,4, ,
0, ,4, ,
0, ,4, ,
0, ,4, ,
0, ,4, ,
0, ,4, ,
-1, ,4, ,
0, ,4, ,
0, ,4, ,
0, ,4, ,
0, ,4, ,
0, ,4, ,
0, ,4, ,
0, ,4, ,
0, ,4, ,
0, ,4, ,
0, ,4, ,
0, ,4, ,
0, ,4, ,
0, ,4, ,
0, ,4, ,
0, ,4, ,
0, ,4, ,
0, ,4, ,
0, ,4, ,
0, ,4, ,
0, ,4, ,
0, ,4, ,
0, ,4, ,
0, ,4, ,
0, ,4, ,
0, ,4, ,
0, ,4, ,
0, ,4, ,
0, ,4, ,
0, ,4, ,
0, ,4, ,
0, ,4, ,
0, ,4, ,
0, ,4, ,
0, ,4, ,
0, ,4, ,
0, ,4, ,
0, ,4, ,
0, ,4, ,
0, ,4, ,
0, ,4, ,
0, ,4, ,
0, ,4, ,
0, ,4, ,
0, ,4, ,
0, ,4, ,
0, ,4, ,
0, ,4, ,
0, ,4, ,
0, ,4, ,
0, ,4, ,
0, ,4, ,
0, ,4, ,
0, ,4, ,
0, ,4, ,
0, ,4, ,
0, ,4, ,
0, ,4, ,
0, ,4, ,
0, ,4, ,
0, ,4, ,
0, ,4, ,
0, ,4, ,
0, ,4, ,
0, ,4, ,
0, ,4, ,
0, ,4, ,
0, ,4, ,
0, ,4, ,
0, ,4, ,
0, ,4, ,
0, ,4, ,
0, ,4, ,
0, ,4, ,
0, ,4, ,
0, ,4, ,
0, ,4, ,
0, ,4, ,
0, ,4, ,
0, ,4, ,
0, ,4, ,
0, ,4, ,
0, ,4, ,
0, ,4, ,
0, ,4, ,
0, ,4, ,
0, ,4, ,
0, ,4, ,
0, ,4, ,
0, ,4, ,
0, ,4, ,
0, ,4, ,
0, ,4, ,
0, ,4, ,
0, ,4, ,
0, ,4, ,
0, ,4, ,
0, ,4, ,
0, ,4, ,
0, ,4, ,
0, ,4, ,
0, ,4, ,
0, ,4, ,
0, ,4, ,
0, ,4, ,
0, ,4, ,
0, ,4, ,
0, ,4, ,
0, ,4, ,
0, ,4, ,
0, ,4, ,
0, ,4, ,
0, ,4, ,
0, ,4, ,
0, ,4, ,
0, ,4, ,
0, ,4, ,
0, ,4, ,
0, ,4, ,
0, ,4, ,
0, ,4, ,
0, ,4, ,
0, ,4, ,
0, ,4, ,
0, ,4, ,
0, ,4, ,
0, ,4, ,
0, ,4, ,
0, ,4, ,
0, ,4, ,
0, ,4, ,
0, ,4, ,
0, ,4, ,
0, ,4, ,
0, ,4, ,
0, ,4, ,
0, ,4, ,
0, ,4, ,
0, ,4, ,
0, ,4, ,
0, ,4, ,
0, ,4, ,
0, ,4, ,
0, ,4, ,
0, ,4, ,
0, ,4, ,
0, ,4, ,
0, ,4, ,
0, ,4, ,
0, ,4, ,
0, ,4, ,
0, ,4, ,
0, ,4, ,
0, ,4, ,
0, ,4, ,
0, ,4, ,
0, ,4, ,
0, ,4, ,
0, ,4, ,
0, ,4, ,
0, ,4, ,
0, ,4, ,
0, ,4, ,
0, ,4, ,
0, ,4, ,
0, ,4, ,
0, ,4, ,
0, ,4, ,
0, ,4, ,
0, ,4, ,
0, ,4, ,
0, ,4, ,
0, ,4, ,
0, ,4, ,
0, ,4, ,
0, ,4, ,
0, ,4, ,
0, ,4, ,
0, ,4, ,
0, ,4, ,
0, ,4, ,
0, ,4, ,
0, ,4, ,
0, ,4, ,
0, ,4, ,
0, ,4, ,
0, ,4, ,
0, ,4, ,
0, ,4, ,
0, ,4, ,
0, ,4, ,
0, ,4, ,
0, ,4, ,
0, ,4, ,
0, ,4, ,
0, ,4, ,
0, ,4, ,
0, ,4, ,
0, ,4, ,
0, ,4, ,
0, ,4, ,
0, ,4, ,
0, ,4, ,
0, ,4, ,
0, ,4, ,
0, ,4, ,
0, ,4, ,
0, ,4, ,
0, ,4, ,
0, ,4, ,
0, ,4, ,
0, ,4, ,
0, ,4, ,
0, ,4, ,
0, ,4, ,
0, ,4, ,
0, ,4, ,
0, ,4, ,
0, ,4, ,
0, ,4, ,
0, ,4, ,
0, ,4, ,
0, ,4, ,
0, ,4, ,
0, ,4, ,
0, ,4, ,
0, ,4, ,
0, ,4, ,
0, ,4, ,
0, ,4, ,
0, ,4, ,
0, ,4, ,
0, ,4, ,
0, ,4, ,
0, ,4, ,
0, ,4, ,
0, ,4, ,
0, ,4, ,
0, ,4, ,
0, ,4, ,
0, ,4, ,
0, ,4, ,
0, ,4, ,
0, ,4, ,
0, ,4, ,
0, ,4, ,
0, ,4, ,
0, ,4, ,
0, ,4, ,
0, ,4, ,
0, ,4, ,
0, ,4, ,
0, ,4, ,
0, ,4, ,
0, ,4, ,
0, ,4, ,
0, ,4, ,
0, ,4, ,
0, ,4, ,
0, ,4, ,
0, ,4, ,
0, ,4, ,
0, ,4, ,
0, ,4, ,
0, ,4, ,
0, ,4, ,
0, ,4, ,
0, ,4, ,
0, ,4, ,
0, ,4, ,
0, ,4, ,
0, ,4, ,
0, ,4, ,
0, ,4, ,
0, ,4, ,
0, ,4, ,
0, ,4, ,
0, ,4, ,
0, ,4, ,
0, ,4, ,
0, ,4, ,
0, ,4, ,
0, ,4, ,
0, ,4, ,
0, ,4, ,
0, ,4, ,
0, ,4, ,
0, ,4, ,
0, ,4, ,
0, ,4, ,
0, ,4, ,
0, ,4, ,
0, ,4, ,
0, ,4, ,
0, ,4, ,
0, ,4, ,
0, ,4, ,
0, ,4, ,
0, ,4, ,
0, ,4, ,
0, ,4, ,
0, ,4, ,
0, ,4, ,
0, ,4, ,
0, ,4, ,
0, ,4, ,
0, ,4, ,
0, ,4, ,
0, ,4, ,
0, ,4, ,
0, ,4, ,
0, ,4, ,
0, ,4, ,
0, ,4, ,
0, ,4, ,
0, ,4, ,
0, ,4, ,
0, ,4, ,
0, ,4, ,
0, ,4, ,
0, ,4, ,
0, ,4, ,
0, ,4, ,
0, ,4, ,
0, ,4, ,
0, ,4, ,
0, ,4, ,
0, ,4, ,
0, ,4, ,
0, ,4, ,
0, ,4, ,
0, ,4, ,
0, ,4, ,
0, ,4, ,
0, ,4, ,
0, ,4, ,
0, ,4, ,
0, ,4, ,
0, ,4, ,
0, ,4, ,
0, ,4, ,
0, ,4, ,
0, ,4, ,
0, ,4, ,
0, ,4, ,
0, ,4, ,
0, ,4, ,
0, ,4, ,
0, ,4, ,
0, ,4, ,
0, ,4, ,
0, ,4, ,
0, ,4, ,
0, ,4, ,
0, ,4, ,
0, ,4, ,
0, ,4, ,
0, ,4, ,
0, ,4, ,
0, ,4, ,
0, ,4, ,
0, ,4, ,
0, ,4, ,
0, ,4, ,
0, ,4, ,
0, ,4, ,
0, ,4, ,
0, ,4, ,
0, ,4, ,
0, ,4, ,
0, ,4, ,
0, ,4, ,
0, ,4, ,
0, ,4, ,
0, ,4, ,
0, ,4, ,
0, ,4, ,
0, ,4, ,
0, ,4, ,
0, ,4, ,
0, ,4, ,
0, ,4, ,
0, ,4, ,
0, ,4, ,
0, ,4, ,
0, ,4, ,
0, ,4, ,
0, ,4, ,
0, ,4, ,
0, ,4, ,
0, ,4, ,
0, ,4, ,
0, ,4, ,
0, ,4, ,
0, ,4, ,
0, ,4, ,
0, ,4, ,
0, ,4, ,
0, ,4, ,
0, ,4, ,
0, ,4, ,
0, ,4, ,
0, ,4, ,
0, ,4, ,
0, ,4, ,
0, ,4, ,
0, ,4, ,
0, ,4, ,
0, ,4, ,
0, ,4, ,
0, ,4, ,
0, ,4, ,
0, ,4, ,
0, ,4, ,
0, ,4, ,
0, ,4, ,
0, ,4, ,
0, ,4, ,
0, ,4, ,
0, ,4, ,
0, ,4, ,
0, ,4, ,
0, ,4, ,
0, ,4, ,
0, ,4, ,
0, ,4, ,
0, ,4, ,
0, ,4, ,
0, ,4, ,
0, ,4, ,
0, ,4, ,
0, ,4, ,
0, ,4, ,
0, ,4, ,
0, ,4, ,
0, ,4, ,
0, ,4, ,
0, ,4, ,
0, ,4, ,
0, ,4, ,
0, ,4, ,
0, ,4, ,
0, ,4, ,
0, ,4, ,
0, ,4, ,
0, ,4, ,
0, ,4, ,
0, ,4, ,
0, ,4, ,
0, ,4, ,
0, ,4, ,
0, ,4, ,
0, ,4, ,
0, ,4, ,
0, ,4, ,
0, ,4, ,
0, ,4, ,
0, ,4, ,
0, ,4, ,
0, ,4, ,
0, ,4, ,
0, ,4, ,
0, ,4, ,
0, ,4, ,
0, ,4, ,
0, ,4, ,
0, ,4, ,
0, ,4, ,
0, ,4, ,
0, ,4, ,
0, ,4, ,
0, ,4, ,
0, ,4, ,
0, ,4, ,
0, ,4, ,
0, ,4, ,
0, ,4, ,
0, ,4, ,
0, ,4, ,
0, ,4, ,
0, ,4, ,
0, ,4, ,
0, ,4, ,
0, ,4, ,
0, ,4, ,
0, ,4, ,
0, ,4, ,
0, ,4, ,
0, ,4, ,
0, ,4, ,
0, ,4, ,
0, ,4, ,
0, ,4, ,
0, ,4, ,
0, ,4, ,
0, ,4, ,
0, ,4, ,
0, ,4, ,
0, ,4, ,
0, ,4, ,
0, ,4, ,
0, ,4, ,
0, ,4, ,
0, ,4, ,
0, ,4, ,
0, ,4, ,
0, ,4, ,
0, ,4, ,
0, ,4, ,
0, ,4, ,
0, ,4, ,
0, ,4, ,
0, ,4, ,
0, ,4, ,
0, ,4, ,
0, ,4, ,
0, ,4, ,
0, ,4, ,
0, ,4, ,
0, ,4, ,
0, ,4, ,
0, ,4, ,
0, ,4, ,
0, ,4, ,
0, ,4, ,
0, ,4, ,
0, ,4, ,
0, ,4, ,
0, ,4, ,
0, ,4, ,
0, ,4, ,
0, ,4, ,
0, ,4, ,
0, ,4, ,
0, ,4, ,
0, ,4, ,
0, ,4, ,
0, ,4, ,
0, ,4, ,
0, ,4, ,
0, ,4, ,
0, ,4, ,
0, ,4, ,
0, ,4, ,
0, ,4, ,
0, ,4, ,
0, ,4, ,
0, ,4, ,
0, ,4, ,
0, ,4, ,
0, ,4, ,
0, ,4, ,
0, ,4, ,
0, ,4, ,
0, ,4, ,
0, ,4, ,
0, ,4, ,
0, ,4, ,
0, ,4, ,
0, ,4, ,
0, ,4, ,
0, ,4, ,
0, ,4, ,
0, ,4, ,
0, ,4, ,
0, ,4, ,
0, ,4, ,
0, ,4, ,
0, ,4, ,
0, ,4, ,
0, ,4, ,
0, ,4, ,
0, ,4, ,
0, ,4, ,
0, ,4, ,
0, ,4, ,
0, ,4, ,
0, ,4, ,
0, ,4, ,
0, ,4, ,
0, ,4, ,
0, ,4, ,
0, ,4, ,
0, ,4, ,
0, ,4, ,
0, ,4, ,
0, ,4, ,
0, ,4, ,
0, ,4, ,
0, ,4, ,
0, ,4, ,
0, ,4, ,
0, ,4, ,
0, ,4, ,
0, ,4, ,
0, ,4, ,
0, ,4, ,
0, ,4, ,
0, ,4, ,
0, ,4, ,
0, ,4, ,
0, ,4, ,
0, ,4, ,
0, ,4, ,
0, ,4, ,
0, ,4, ,
0, ,4, ,
0, ,4, ,
0, ,4, ,
0, ,4, ,
0, ,4, ,
0, ,4, ,
0, ,4, ,
0, ,4, ,
0, ,4, ,
0, ,4, ,
0, ,4, ,
0, ,4, ,
0, ,4, ,
0, ,4, ,
0, ,4, ,
0, ,4, ,
0, ,4, ,
0, ,4, ,
0, ,4, ,
0, ,4, ,
0, ,4, ,
0, ,4, ,
0, ,4, ,
0, ,4, ,
0, ,4, ,
0, ,4, ,
0, ,4, ,
0, ,4, ,
0, ,4, ,
0, ,4, ,
0, ,4, ,
0, ,4, ,
0, ,4, ,
0, ,4, ,
0, ,4, ,
0, ,4, ,
0, ,4, ,
0, ,4, ,
0, ,4, ,
0, ,4, ,
0, ,4, ,
0, ,4, ,
0, ,4, ,
0, ,4, ,
0, ,4, ,
0, ,4, ,
0, ,4, ,
0, ,4, ,
0, ,4, ,
0, ,4, ,
0, ,4, ,
0, ,4, ,
0, ,4, ,
0, ,4, ,
0, ,4, ,
0, ,4, ,
0, ,4, ,
0, ,4, ,
0, ,4, ,
0, ,4, ,
0, ,4, ,
0, ,4, ,
0, ,4, ,
0, ,4, ,
0, ,4, ,
0, ,4, ,
0, ,4, ,
0, ,4, ,
0, ,4, ,
0, ,4, ,
0, ,4, ,
0, ,4, ,
0, ,4, ,
0, ,4, ,
0, ,4, ,
0, ,4, ,
0, ,4, ,
0, ,4, ,
0, ,4, ,
0, ,4, ,
0, ,4, ,
0, ,4, ,
0, ,4, ,
0, ,4, ,
0, ,4, ,
0, ,4, ,
0, ,4, ,
0, ,4, ,
0, ,4, ,
0, ,4, ,
0, ,4, ,
0, ,4, ,
0, ,4, ,
0, ,4, ,
0, ,4, ,
0, ,4, ,
0, ,4, ,
0, ,4, ,
0, ,4, ,
0, ,4, ,
0, ,4, ,
0, ,4, ,
0, ,4, ,
0, ,4, ,
0, ,4, ,
0, ,4, ,
0, ,4, ,
0, ,4, ,
0, ,4, ,
0, ,4, ,
0, ,4, ,
0, ,4, ,
0, ,4, ,
0, ,4, ,
0, ,4, ,
0, ,4, ,
0, ,4, ,
0, ,4, ,
0, ,4, ,
0, ,4, ,
0, ,4, ,
0, ,4, ,
0, ,4, ,
0, ,4, ,
0, ,4, ,
0, ,4, ,
0, ,4, ,
0, ,4, ,
0, ,4, ,
0, ,4, ,
0, ,4, ,
0, ,4, ,
0, ,4, ,
0, ,4, ,
0, ,4, ,
0, ,4, ,
0, ,4, ,
0, ,4, ,
0, ,4, ,
0, ,4, ,
0, ,4, ,
0, ,4, ,
0, ,4, ,
0, ,4, ,
0, ,4, ,
0, ,4, ,
0, ,4, ,
0, ,4, ,
0, ,4, ,
0, ,4, ,
0, ,4, ,
0, ,4, ,
0, ,4, ,
0, ,4, ,
0, ,4, ,
0, ,4, ,
0, ,4, ,
0, ,4, ,
0, ,4, ,
0, ,4, ,
0, ,4, ,
0, ,4, ,
0, ,4, ,
0, ,4, ,
0, ,4, ,
0, ,4, ,
0, ,4, ,
0, ,4, ,
0, ,4, ,
0, ,4, ,
0, ,4, ,
0, ,4, ,
0, ,4, ,
0, ,4, ,
0, ,4, ,
0, ,4, ,
0, ,4, ,
0, ,4, ,
0, ,4, ,
0, ,4, ,
0, ,4, ,
0, ,4, ,
0, ,4, ,
0, ,4, ,
0, ,4, ,
0, ,4, ,
0, ,4, ,
0, ,4, ,
0, ,4, ,
0, ,4, ,
0, ,4, ,
0, ,4, ,
0, ,4, ,
0, ,4, ,
0, ,4, ,
0, ,4, ,
0, ,4, ,
0, ,4, ,
0, ,4, ,
0, ,4, ,
0, ,4, ,
0, ,4, ,
0, ,4, ,
0, ,4, ,
0, ,4, ,
0, ,4, ,
0, ,4, ,
0, ,4, ,
0, ,4, ,
0, ,4, ,
0, ,4, ,
0, ,4, ,
0, ,4, ,
0, ,4, ,
0, ,4, ,
0, ,4, ,
0, ,4, ,
0, ,4, ,
0, ,4, ,
0, ,4, ,
0, ,4, ,
0, ,4, ,
0, ,4, ,
0, ,4, ,
0, ,4, ,
0, ,4, ,
0, ,4, ,
0, ,4, ,
0, ,4, ,
0, ,4, ,
0, ,4, ,
0, ,4, ,
0, ,4, ,
0, ,4, ,
0, ,4, ,
0, ,4, ,
0, ,4, ,
0, ,4, ,
0, ,4, ,
0, ,4, ,
0, ,4, ,
0, ,4, ,
0, ,4, ,
0, ,4, ,
0, ,4, ,
0, ,4, ,
0, ,4, ,
0, ,4, ,
0, ,4, ,
0, ,4, ,
0, ,4, ,
0, ,4, ,
0, ,4, ,
0, ,4, ,
0, ,4, ,
0, ,4, ,
0, ,4, ,
0, ,4, ,
0, ,4, ,
0, ,4, ,
0, ,4, ,
0, ,4, ,
0, ,4, ,
0, ,4, ,
0, ,4, ,
0, ,4, ,
0, ,4, ,
0, ,4, ,
0, ,4, ,
0, ,4, ,
0, ,4, ,
0, ,4, ,
0, ,4, ,
0, ,4, ,
0, ,4, ,
0, ,4, ,
0, ,4, ,
0, ,4, ,
0, ,4, ,
0, ,4, ,
0, ,4, ,
0, ,4, ,
0, ,4, ,
0, ,4, ,
0, ,4, ,
0, ,4, ,
0, ,4, ,
0, ,4, ,
0, ,4, ,
0, ,4, ,
0, ,4, ,
0, ,4, ,
0, ,4, ,
0, ,4, ,
0, ,4, ,
0, ,4, ,
0, ,4, ,
0, ,4, ,
0, ,4, ,
0, ,4, ,
0, ,4, ,
0, ,4, ,
0, ,4, ,
0, ,4, ,
0, ,4, ,
0, ,4, ,
0, ,4, ,
0, ,4, ,
0, ,4, ,
0, ,4, ,
0, ,4, ,
0, ,4, ,
0, ,4, ,
0, ,4, ,
0, ,4, ,
0, ,4, ,
0, ,4, ,
0, ,4, ,
0, ,4, ,
0, ,4, ,
0, ,4, ,
0, ,4, ,
0, ,4, ,
0, ,4, ,
0, ,4, ,
0, ,4, ,
0, ,4, ,
0, ,4, ,
0, ,4, ,
0, ,4, ,
0, ,4, ,
0, ,4, ,
0, ,4, ,
0, ,4, ,
0, ,4, ,
0, ,4, ,
0, ,4, ,
0, ,4, ,
0, ,4, ,
0, ,4, ,
0, ,4, ,
0, ,4, ,
0, ,4, ,
0, ,4, ,
0, ,4, ,
0, ,4, ,
0, ,4, ,
0, ,4, ,
0, ,4, ,
0, ,4, ,
0, ,4, ,
0, ,4, ,
0, ,4, ,
0, ,4, ,
0, ,4, ,
0, ,4, ,
0, ,4, ,
0, ,4, ,
0, ,4, ,
0, ,4, ,
0, ,4, ,
0, ,4, ,
0, ,4, ,
0, ,4, ,
0, ,4, ,
0, ,4, ,
0, ,4, ,
0, ,4, ,
0, ,4, ,
0, ,4, ,
0, ,4, ,
0, ,4, ,
0, ,4, ,
0, ,4, ,
0, ,4, ,
0, ,4, ,
0, ,4, ,
0, ,4, ,
0, ,4, ,
0, ,4, ,
0, ,4, ,
0, ,4, ,
0, ,4, ,
0, ,4, ,
0, ,4, ,
0, ,4, ,
0, ,4, ,
0, ,4, ,
0, ,4, ,
0, ,4, ,
0, ,4, ,
0, ,4, ,
0, ,4, ,
0, ,4, ,
0, ,4, ,
0, ,4, ,
0, ,4, ,
0, ,4, ,
0, ,4, ,
0, ,4, ,
0, ,4, ,
0, ,4, ,
0, ,4, ,
0, ,4, ,
0, ,4, ,
0, ,4, ,
0, ,4, ,
0, ,4, ,
0, ,4, ,
0, ,4, ,
0, ,4, ,
0, ,4, ,
0, ,4, ,
0, ,4, ,
0, ,4, ,
0, ,4, ,
0, ,4, ,
0, ,4, ,
0, ,4, ,
0, ,4, ,
0, ,4, ,
0, ,4, ,
0, ,4, ,
0, ,4, ,
0, ,4, ,
0, ,4, ,
0, ,4, ,
0, ,4, ,
0, ,4, ,
0, ,4, ,
0, ,4, ,
0, ,4, ,
0, ,4, ,
0, ,4, ,
0, ,4, ,
0, ,4, ,
0, ,4, ,
0, ,4, ,
0, ,4, ,
0, ,4, ,
0, ,4, ,
0, ,4, ,
0, ,4, ,
0, ,4, ,
0, ,4, ,
0, ,4, ,
0, ,4, ,
0, ,4, ,
0, ,4, ,
0, ,4, ,
0, ,4, ,
0, ,4, ,
0, ,4, ,
0, ,4, ,
0, ,4, ,
0, ,4, ,
0, ,4, ,
0, ,4, ,
0, ,4, ,
0, ,4, ,
0, ,4, ,
0, ,4, ,
0, ,4, ,
0, ,4, ,
0, ,4, ,
0, ,4, ,
0, ,4, ,
0, ,4, ,
0, ,4, ,
0, ,4, ,
0, ,4, ,
0, ,4, ,
0, ,4, ,
0, ,4, ,
0, ,4, ,
0, ,4, ,
0, ,4, ,
0, ,4, ,
0, ,4, ,
0, ,4, ,
0, ,4, ,
0, ,4, ,
0, ,4, ,
0, ,4, ,
0, ,4, ,
0, ,4, ,
0, ,4, ,
0, ,4, ,
0, ,4, ,
0, ,4, ,
0, ,4, ,
0, ,4, ,
0, ,4, ,
0, ,4, ,
0, ,4, ,
0, ,4, ,
0, ,4, ,
0, ,4, ,
0, ,4, ,
0, ,4, ,
0, ,4, ,
0, ,4, ,
0, ,4, ,
0, ,4, ,
0, ,4, ,
0, ,4, ,
0, ,4, ,
0, ,4, ,
0, ,4, ,
0, ,4, ,
0, ,4, ,
0, ,4, ,
0, ,4, ,
0, ,4, ,
0, ,4, ,
0, ,4, ,
0, ,4, ,
0, ,4, ,
0, ,4, ,
0, ,4, ,
0, ,4, ,
0, ,4, ,
0, ,4, ,
0, ,4, ,
0, ,4, ,
0, ,4, ,
0, ,4, ,
0, ,4, ,
0, ,4, ,
0, ,4, ,
0, ,4, ,
0, ,4, ,
0, ,4, ,
0, ,4, ,
0, ,4, ,
0, ,4, ,
0, ,4, ,
0, ,4, ,
0, ,4, ,
0, ,4, ,
0, ,4, ,
0, ,4, ,
0, ,4, ,
0, ,4, ,
0, ,4, ,
0, ,4, ,
0, ,4, ,
0, ,4, ,
0, ,4, ,
0, ,4, ,
0, ,4, ,
0, ,4, ,
0, ,4, ,
0, ,4, ,
0, ,4, ,
0, ,4, ,
0, ,4, ,
0, ,4, ,
0, ,4, ,
0, ,4, ,
0, ,4, ,
0, ,4, ,
0, ,4, ,
0, ,4, ,
0, ,4, ,
0, ,4, ,
0, ,4, ,
0, ,4, ,
0, ,4, ,
0, ,4, ,
0, ,4, ,
0, ,4, ,
0, ,4, ,
0, ,4, ,
0, ,4, ,
0, ,4, ,
0, ,4, ,
0, ,4, ,
0, ,4, ,
0, ,4, ,
0, ,4, ,
0, ,4, ,
0, ,4, ,
0, ,4, ,
0, ,4, ,
0, ,4, ,
0, ,4, ,
0, ,4, ,
0, ,4, ,
0, ,4, ,
0, ,4, ,
0, ,4, ,
0, ,4, ,
0, ,4, ,
0, ,4, ,
0, ,4, ,
0, ,4, ,
0, ,4, ,
0, ,4, ,
0, ,4, ,
0, ,4, ,
0, ,4, ,
0, ,4, ,
0, ,4, ,
0, ,4, ,
0, ,4, ,
0, ,4, ,
0, ,4, ,
0, ,4, ,
0, ,4, ,
0, ,4, ,
0, ,4, ,
0, ,4, ,
0, ,4, ,
0, ,4, ,
0, ,4, ,
0, ,4, ,
0, ,4, ,
0, ,4, ,
0, ,4, ,
0, ,4, ,
0, ,4, ,
0, ,4, ,
0, ,4, ,
0, ,4, ,
0, ,4, ,
0, ,4, ,
0, ,4, ,
0, ,4, ,
0, ,4, ,
0, ,4, ,
0, ,4, ,
0, ,4, ,
0, ,4, ,
0, ,4, ,
0, ,4, ,
0, ,4, ,
0, ,4, ,
0, ,4, ,
0, ,4, ,
0, ,4, ,
0, ,4, ,
0, ,4, ,
0, ,4, ,
0, ,4, ,
0, ,4, ,
0, ,4, ,
0, ,4, ,
0, ,4, ,
0, ,4, ,
0, ,4, ,
0, ,4, ,
0, ,4, ,
0, ,4, ,
0, ,4, ,
0, ,4, ,
0, ,4, ,
0, ,4, ,
0, ,4, ,
0, ,4, ,
0, ,4, ,
0, ,4, ,
0, ,4, ,
0, ,4, ,
0, ,4, ,
0, ,4, ,
0, ,4, ,
0, ,4, ,
0, ,4, ,
0, ,4, ,
0, ,4, ,
0, ,4, ,
0, ,4, ,
0, ,4, ,
0, ,4, ,
0, ,4, ,
0, ,4, ,
0, ,4, ,
0, ,4, ,
0, ,4, ,
0, ,4, ,
0, ,4, ,
0, ,4, ,
0, ,4, ,
0, ,4, ,
0, ,4, ,
0, ,4, ,
0, ,4, ,
0, ,4, ,
0, ,4, ,
0, ,4, ,
0, ,4, ,
0, ,4, ,
0, ,4, ,
0, ,4, ,
0, ,4, ,
0, ,4, ,
0, ,4, ,
0, ,4, ,
0, ,4, ,
0, ,4, ,
0, ,4, ,
0, ,4, ,
0, ,4, ,
0, ,4, ,
0, ,4, ,
0, ,4, ,
0, ,4, ,
0, ,4, ,
0, ,4, ,
0, ,4, ,
0, ,4, ,
0, ,4, ,
0, ,4, ,
0, ,4, ,
0, ,4, ,
0, ,4, ,
0, ,4, ,
0, ,4, ,
0, ,4, ,
0, ,4, ,
0, ,4, ,
0, ,4, ,
0, ,4, ,
0, ,4, ,
0, ,4, ,
0, ,4, ,
0, ,4, ,
0, ,4, ,
0, ,4, ,
0, ,4, ,
0, ,4, ,
0, ,4, ,
0, ,4, ,
0, ,4, ,
0, ,4, ,
0, ,4, ,
0, ,4, ,
0, ,4, ,
0, ,4, ,
0, ,4, ,
0, ,4, ,
0, ,4, ,
0, ,4, ,
0, ,4, ,
0, ,4, ,
0, ,4, ,
0, ,4, ,
0, ,4, ,
0, ,4, ,
0, ,4, ,
0, ,4, ,
0, ,4, ,
0, ,4, ,
0, ,4, ,
0, ,4, ,
0, ,4, ,
0, ,4, ,
0, ,4, ,
0, ,4, ,
0, ,4, ,
0, ,4, ,
0, ,4, ,
0, ,4, ,
0, ,4, ,
0, ,4, ,
0, ,4, ,
0, ,4, ,
0, ,4, ,
0, ,4, ,
0, ,4, ,
0, ,4, ,
0, ,4, ,
0, ,4, ,
0, ,4, ,
0, ,4, ,
0, ,4, ,
0, ,4, ,
0, ,4, ,
0, ,4, ,
0, ,4, ,
0, ,4, ,
0, ,4, ,
0, ,4, ,
0, ,4, ,
0, ,4, ,
0, ,4, ,
0, ,4, ,
0, ,4, ,
0, ,4, ,
0, ,4, ,
0, ,4, ,
0, ,4, ,
0, ,4, ,
0, ,4, ,
0, ,4, ,
0, ,4, ,
0, ,4, ,
0, ,4, ,
0, ,4, ,
0, ,4, ,
0, ,4, ,
0, ,4, ,
0, ,4, ,
0, ,4, ,
0, ,4, ,
0, ,4, ,
0, ,4, ,
0, ,4, ,
0, ,4, ,
0, ,4, ,
0, ,4, ,
0, ,4, ,
0, ,4, ,
0, ,4, ,
0, ,4, ,
0, ,4, ,
0, ,4, ,
0, ,4, ,
0, ,4, ,
0, ,4, ,
0, ,4, ,
0, ,4, ,
0, ,4, ,
0, ,4, ,
0, ,4, ,
0, ,4, ,
0, ,4, ,
0, ,4, ,
0, ,4, ,
0, ,4, ,
0, ,4, ,
0, ,4, ,
0, ,4, ,
0, ,4, ,
0, ,4, ,
0, ,4, ,
0, ,4, ,
0, ,4, ,
0, ,4, ,
0, ,4, ,
0, ,4, ,
0, ,4, ,
0, ,4, ,
0, ,4, ,
0, ,4, ,
0, ,4, ,
0, ,4, ,
0, ,4, ,
0, ,4, ,
0, ,4, ,
0, ,4, ,
0, ,4, ,
0, ,4, ,
0, ,4, ,
0, ,4, ,
0, ,4, ,
0, ,4, ,
0, ,4, ,
0, ,4, ,
0, ,4, ,
0, ,4, ,
0, ,4, ,
0, ,4, ,
0, ,4, ,
0, ,4, ,
0, ,4, ,
0, ,4, ,
0, ,4, ,
0, ,4, ,
0, ,4, ,
0, ,4, ,
0, ,4, ,
0, ,4, ,
0, ,4, ,
0, ,4, ,
0, ,4, ,
0, ,4, ,
0, ,4, ,
0, ,4, ,
0, ,4, ,
0, ,4, ,
0, ,4, ,
0, ,4, ,
0, ,4, ,
0, ,4, ,
0, ,4, ,
0, ,4, ,
0, ,4, ,
0, ,4, ,
0, ,4, ,
0, ,4, ,
0, ,4, ,
0, ,4, ,
0, ,4, ,
0, ,4, ,
0, ,4, ,
0, ,4, ,
0, ,4, ,
0, ,4, ,
0, ,4, ,
0, ,4, ,
0, ,4, ,
0, ,4, ,
0, ,4, ,
0, ,4, ,
0, ,4, ,
0, ,4, ,
0, ,4, ,
0, ,4, ,
0, ,4, ,
0, ,4, ,
0, ,4, ,
0, ,4, ,
0, ,4, ,
0, ,4, ,
0, ,4, ,
0, ,4, ,
0, ,4, ,
0, ,4, ,
0, ,4, ,
0, ,4, ,
0, ,4, ,
0, ,4, ,
0, ,4, ,
0, ,4, ,
0, ,4, ,
0, ,4, ,
0, ,4, ,
0, ,4, ,
0, ,4, ,
0, ,4, ,
0, ,4, ,
0, ,4, ,
0, ,4, ,
0, ,4, ,
0, ,4, ,
0, ,4, ,
0, ,4, ,
0, ,4, ,
0, ,4, ,
0, ,4, ,
0, ,4, ,
0, ,4, ,
0, ,4, ,
0, ,4, ,
0, ,4, ,
0, ,4, ,
0, ,4, ,
0, ,4, ,
0, ,4, ,
0, ,4, ,
0, ,4, ,
0, ,4, ,
0, ,4, ,
0, ,4, ,
0, ,4, ,
0, ,4, ,
0, ,4, ,
0, ,4, ,
0, ,4, ,
0, ,4, ,
0, ,4, ,
0, ,4, ,
0, ,4, ,
0, ,4, ,
0, ,4, ,
0, ,4, ,
0, ,4, ,
0, ,4, ,
0, ,4, ,
0, ,4, ,
0, ,4, ,
0, ,4, ,
0, ,4, ,
0, ,4, ,
0, ,4, ,
0, ,4, ,
0, ,4, ,
0, ,4, ,
0, ,4, ,
0, ,4, ,
0, ,4, ,
0, ,4, ,
0, ,4, ,
0, ,4, ,
0, ,4, ,
0, ,4, ,
0, ,4, ,
0, ,4, ,
0, ,4, ,
0, ,4, ,
0, ,4, ,
0, ,4, ,
0, ,4, ,
0, ,4, ,
0, ,4, ,
0, ,4, ,
0, ,4, ,
0, ,4, ,
0, ,4, ,
0, ,4, ,
0, ,4, ,
0, ,4, ,
0, ,4, ,
0, ,4, ,
0, ,4, ,
0, ,4, ,
0, ,4, ,
0, ,4, ,
0, ,4, ,
0, ,4, ,
0, ,4, ,
0, ,4, ,
0, ,4, ,
0, ,4, ,
0, ,4, ,
0, ,4, ,
0, ,4, ,
0, ,4, ,
0, ,4, ,
0, ,4, ,
0, ,4, ,
0, ,4, ,
0, ,4, ,
0, ,4, ,
0, ,4, ,
0, ,4, ,
0, ,4, ,
0, ,4, ,
0, ,4, ,
0, ,4, ,
0, ,4, ,
0, ,4, ,
0, ,4, ,
0, ,4, ,
0, ,4, ,
0, ,4, ,
0, ,4, ,
0, ,4, ,
0, ,4, ,
0, ,4, ,
0, ,4, ,
0, ,4, ,
0, ,4, ,
0, ,4, ,
0, ,4, ,
0, ,4, ,
0, ,4, ,
0, ,4, ,
0, ,4, ,
0, ,4, ,
0, ,4, ,
0, ,4, ,
0, ,4, ,
0, ,4, ,
0, ,4, ,
0, ,4, ,
0, ,4, ,
0, ,4, ,
0, ,4, ,
0, ,4, ,
0, ,4, ,
0, ,4, ,
0, ,4, ,
0, ,4, ,
0, ,4, ,
0, ,4, ,
0, ,4, ,
0, ,4, ,
0, ,4, ,
0, ,4, ,
0, ,4, ,
0, ,4, ,
0, ,4, ,
0, ,4, ,
0, ,4, ,
0, ,4, ,
0, ,4, ,
0, ,4, ,
0, ,4, ,
0, ,4, ,
0, ,4, ,
0, ,4, ,
0, ,4, ,
0, ,4, ,
0, ,4, ,
0, ,4, ,
0, ,4, ,
0, ,4, ,
0, ,4, ,
0, ,4, ,
0, ,4, ,
0, ,4, ,
0, ,4, ,
0, ,4, ,
0, ,4, ,
0, ,4, ,
0, ,4, ,
0, ,4, ,
0, ,4, ,
0, ,4, ,
0, ,4, ,
0, ,4, ,
0, ,4, ,
0, ,4, ,
0, ,4, ,
0, ,4, ,
0, ,4, ,
0, ,4, ,
0, ,4, ,
0, ,4, ,
0, ,4, ,
0, ,4, ,
0, ,4, ,
0, ,4, ,
0, ,4, ,
0, ,4, ,
0, ,4, ,
0, ,4, ,
0, ,4, ,
0, ,4, ,
0, ,4, ,
0, ,4, ,
0, ,4, ,
0, ,4, ,
0, ,4, ,
0, ,4, ,
0, ,4, ,
0, ,4, ,
0, ,4, ,
0, ,4, ,
0, ,4, ,
0, ,4, ,
0, ,4, ,
0, ,4, ,
0, ,4, ,
0, ,4, ,
0, ,4, ,
0, ,4, ,
0, ,4, ,
0, ,4, ,
0, ,4, ,
0, ,4, ,
0, ,4, ,
0, ,4, ,
0, ,4, ,
0, ,4, ,
0, ,4, ,
0, ,4, ,
0, ,4, ,
0, ,4, ,
0, ,4, ,
0, ,4, ,
0, ,4, ,
0, ,4, ,
0, ,4, ,
0, ,4, ,
0, ,4, ,
0, ,4, ,
0, ,4, ,
0, ,4, ,
0, ,4, ,
0, ,4, ,
0, ,4, ,
0, ,4, ,
0, ,4, ,
0, ,4, ,
0, ,4, ,
0, ,4, ,
0, ,4, ,
0, ,4, ,
0, ,4, ,
0, ,4, ,
0, ,4, ,
0, ,4, ,
0, ,4, ,
0, ,4, ,
0, ,4, ,
0, ,4, ,
0, ,4, ,
0, ,4, ,
0, ,4, ,
0, ,4, ,
0, ,4, ,
0, ,4, ,
0, ,4, ,
0, ,4, ,
0, ,4, ,
0, ,4, ,
0, ,4, ,
0, ,4, ,
0, ,4, ,
0, ,4, ,
0, ,4, ,
0, ,4, ,
0, ,4, ,
0, ,4, ,
0, ,4, ,
0, ,4, ,
0, ,4, ,
0, ,4, ,
0, ,4, ,
0, ,4, ,
0, ,4, ,
0, ,4, ,
0, ,4, ,
0, ,4, ,
0, ,4, ,
0, ,4, ,
0, ,4, ,
0, ,4, ,
0, ,4, ,
0, ,4, ,
0, ,4, ,
0, ,4, ,
0, ,4, ,
0, ,4, ,
0, ,4, ,
0, ,4, ,
0, ,4, ,
0, ,4, ,
0, ,4, ,
0, ,4, ,
0, ,4, ,
0, ,4, ,
0, ,4, ,
0, ,4, ,
0, ,4, ,
0, ,4, ,
0, ,4, ,
0, ,4, ,
0, ,4, ,
0, ,4, ,
0, ,4, ,
0, ,4, ,
0, ,4, ,
0, ,4, ,
0, ,4, ,
0, ,4, ,
0, ,4, ,
0, ,4, ,
0, ,4, ,
0, ,4, ,
0, ,4, ,
0, ,4, ,
0, ,4, ,
0, ,4, ,
0, ,4, ,
0, ,4, ,
0, ,4, ,
0, ,4, ,
0, ,4, ,
0, ,4, ,
0, ,4, ,
0, ,4, ,
0, ,4, ,
0, ,4, ,
0, ,4, ,
0, ,4, ,
0, ,4, ,
0, ,4, ,
0, ,4, ,
0, ,4, ,
0, ,4, ,
0, ,4, ,
0, ,4, ,
0, ,4, ,
0, ,4, ,
0, ,4, ,
0, ,4, ,
0, ,4, ,
0, ,4, ,
0, ,4, ,
0, ,4, ,
0, ,4, ,
0, ,4, ,
0, ,4, ,
0, ,4, ,
0, ,4, ,
0, ,4, ,
0, ,4, ,
0, ,4, ,
0, ,4, ,
0, ,4, ,
0, ,4, ,
0, ,4, ,
0, ,4, ,
0, ,4, ,
0, ,4, ,
0, ,4, ,
0, ,4, ,
0, ,4, ,
0, ,4, ,
0, ,4, ,
0, ,4, ,
0, ,4, ,
0, ,4, ,
0, ,4, ,
0, ,4, ,
0, ,4, ,
0, ,4, ,
0, ,4, ,
0, ,4, ,
0, ,4, ,
0, ,4, ,
0, ,4, ,
0, ,4, ,
0, ,4, ,
0, ,4, ,
0, ,4, ,
0, ,4, ,
0, ,4, ,
0, ,4, ,
0, ,4, ,
0, ,4, ,
0, ,4, ,
0, ,4, ,
0, ,4, ,
0, ,4, ,
0, ,4, ,
0, ,4, ,
0, ,4, ,
0, ,4, ,
0, ,4, ,
0, ,4, ,
0, ,4, ,
0, ,4, ,
0, ,4, ,
0, ,4, ,
0, ,4, ,
0, ,4, ,
0, ,4, ,
0, ,4, ,
0, ,4, ,
0, ,4, ,
0, ,4, ,
0, ,4, ,
0, ,4, ,
0, ,4, ,
0, ,4, ,
0, ,4, ,
0, ,4, ,
0, ,4, ,
0, ,4, ,
0, ,4, ,
0, ,4, ,
0, ,4, ,
0, ,4, ,
0, ,4, ,
0, ,4, ,
0, ,4, ,
0, ,4, ,
0, ,4, ,
0, ,4, ,
0, ,4, ,
0, ,4, ,
0, ,4, ,
0, ,4, ,
0, ,4, ,
0, ,4, ,
0, ,4, ,
0, ,4, ,
0, ,4, ,
0, ,4, ,
0, ,4, ,
0, ,4, ,
0, ,4, ,
0, ,4, ,
0, ,4, ,
0, ,4, ,
0, ,4, ,
0, ,4, ,
0, ,4, ,
0, ,4, ,
0, ,4, ,
0, ,4, ,
0, ,4, ,
0, ,4, ,
0, ,4, ,
0, ,4, ,
0, ,4, ,
0, ,4, ,
0, ,4, ,
0, ,4, ,
0, ,4, ,
0, ,4, ,
0, ,4, ,
0, ,4, ,
0, ,4, ,
0, ,4, ,
0, ,4, ,
0, ,4, ,
0, ,4, ,
0, ,4, ,
0, ,4, ,
0, ,4, ,
0, ,4, ,
0, ,4, ,
0, ,4, ,
0, ,4, ,
0, ,4, ,
0, ,4, ,
0, ,4, ,
0, ,4, ,
0, ,4, ,
0, ,4, ,
0, ,4, ,
0, ,4, ,
0, ,4, ,
0, ,4, ,
0, ,4, ,
0, ,4, ,
0, ,4, ,
0, ,4, ,
0, ,4, ,
0, ,4, ,
0, ,4, ,
0, ,4, ,
0, ,4, ,
0, ,4, ,
0, ,4, ,
0, ,4, ,
0, ,4, ,
0, ,4, ,
0, ,4, ,
0, ,4, ,
0, ,4, ,
0, ,4, ,
0, ,4, ,
0, ,4, ,
0, ,4, ,
0, ,4, ,
0, ,4, ,
0, ,4, ,
0, ,4, ,
0, ,4, ,
0, ,4, ,
0, ,4, ,
0, ,4, ,
0, ,4, ,
0, ,4, ,
0, ,4, ,
0, ,4, ,
0, ,4, ,
0, ,4, ,
0, ,4, ,
0, ,4, ,
0, ,4, ,
0, ,4, ,
0, ,4, ,
0, ,4, ,
0, ,4, ,
0, ,4, ,
0, ,4, ,
0, ,4, ,
0, ,4, ,
0, ,4, ,
0, ,4, ,
0, ,4, ,
0, ,4, ,
0, ,4, ,
0, ,4, ,
0, ,4, ,
0, ,4, ,
0, ,4, ,
0, ,4, ,
0, ,4, ,
0, ,4, ,
0, ,4, ,
0, ,4, ,
0, ,4, ,
0, ,4, ,
0, ,4, ,
0, ,4, ,
0, ,4, ,
0, ,4, ,
0, ,4, ,
0, ,4, ,
0, ,4, ,
0, ,4, ,
0, ,4, ,
0, ,4, ,
0, ,4, ,
0, ,4, ,
0, ,4, ,
0, ,4, ,
0, ,4, ,
0, ,4, ,
0, ,4, ,
0, ,4, ,
0, ,4, ,
0, ,4, ,
0, ,4, ,
0, ,4, ,
0, ,4, ,
0, ,4, ,
0, ,4, ,
0, ,4, ,
0, ,4, ,
0, ,4, ,
0, ,4, ,
0, ,4, ,
0, ,4, ,
0, ,4, ,
0, ,4, ,
0, ,4, ,
0, ,4, ,
0, ,4, ,
0, ,4, ,
0, ,4, ,
0, ,4, ,
0, ,4, ,
0, ,4, ,
0, ,4, ,
0, ,4, ,
0, ,4, ,
0, ,4, ,
0, ,4, ,
0, ,4, ,
0, ,4, ,
0, ,4, ,
0, ,4, ,
0, ,4, ,
0, ,4, ,
0, ,4, ,
0, ,4, ,
0, ,4, ,
0, ,4, ,
0, ,4, ,
0, ,4, ,
0, ,4, ,
0, ,4, ,
0, ,4, ,
0, ,4, ,
0, ,4, ,
0, ,4, ,
0, ,4, ,
0, ,4, ,
0, ,4, ,
0, ,4, ,
0, ,4, ,
0, ,4, ,
0, ,4, ,
0, ,4, ,
0, ,4, ,
0, ,4, ,
0, ,4, ,
0, ,4, ,
0, ,4, ,
0, ,4, ,
0, ,4, ,
0, ,4, ,
0, ,4, ,
0, ,4, ,
0, ,4, ,
0, ,4, ,
0, ,4, ,
0, ,4, ,
0, ,4, ,
0, ,4, ,
0, ,4, ,
0, ,4, ,
0, ,4, ,
0, ,4, ,
0, ,4, ,
0, ,4, ,
0, ,4, ,
0, ,4, ,
0, ,4, ,
0, ,4, ,
0, ,4, ,
0, ,4, ,
0, ,4, ,
0, ,4, ,
0, ,4, ,
0, ,4, ,
0, ,4, ,
0, ,4, ,
0, ,4, ,
0, ,4, ,
0, ,4, ,
0, ,4, ,
0, ,4, ,
0, ,4, ,
0, ,4, ,
0, ,4, ,
0, ,4, ,
0, ,4, ,
0, ,4, ,
0, ,4, ,
0, ,4, ,
0, ,4, ,
0, ,4, ,
0, ,4, ,
0, ,4, ,
0, ,4, ,
0, ,4, ,
0, ,4, ,
0, ,4, ,
0, ,4, ,
0, ,4, ,
0, ,4, ,
0, ,4, ,
0, ,4, ,
0, ,4, ,
0, ,4, ,
0, ,4, ,
0, ,4, ,
0, ,4, ,
0, ,4, ,
0, ,4, ,
0, ,4, ,
0, ,4, ,
0, ,4, ,
0, ,4, ,
0, ,4, ,
0, ,4, ,
0, ,4, ,
0, ,4, ,
0, ,4, ,
0, ,4, ,
0, ,4, ,
0, ,4, ,
0, ,4, ,
0, ,4, ,
0, ,4, ,
0, ,4, ,
0, ,4, ,
0, ,4, ,
0, ,4, ,
0, ,4, ,
0, ,4, ,
0, ,4, ,
0, ,4, ,
0, ,4, ,
0, ,4, ,
0, ,4, ,
0, ,4, ,
0, ,4, ,
0, ,4, ,
0, ,4, ,
0, ,4, ,
0, ,4, ,
0, ,4, ,
0, ,4, ,
0, ,4, ,
0, ,4, ,
0, ,4, ,
0, ,4, ,
0, ,4, ,
0, ,4, ,
0, ,4, ,
0, ,4, ,
0, ,4, ,
0, ,4, ,
0, ,4, ,
0, ,4, ,
0, ,4, ,
0, ,4, ,
0, ,4, ,
0, ,4, ,
0, ,4, ,
0, ,4, ,
0, ,4, ,
0, ,4, ,
0, ,4, ,
0, ,4, ,
0, ,4, ,
0, ,4, ,
0, ,4, ,
1, ,4, ,
0, ,4, ,
-1, ,4, ,
-1, ,4, ,
0, ,4, ,
1, ,4, ,
0, ,4, ,
-1, ,4, ,
1, ,4, ,
2, ,4, ,
0, ,4, ,
0, ,4, ,
1, ,4, ,
-2, ,4, ,
-4, ,4, ,
-4, ,4, ,
-3, ,4, ,
1, ,4, ,
5, ,4, ,
5, ,4, ,
4, ,4, ,
2, ,4, ,
-1, ,4, ,
-4, ,4, ,
-4, ,4, ,
-2, ,4, ,
-2, ,4, ,
-2, ,4, ,
3, ,4, ,
7, ,4, ,
3, ,4, ,
-3, ,4, ,
-4, ,4, ,
0, ,4, ,
2, ,4, ,
0, ,4, ,
-3, ,4, ,
-2, ,4, ,
1, ,4, ,
2, ,4, ,
-3, ,4, ,
-7, ,4, ,
7, ,4, ,
25, ,4, ,
6, ,4, ,
-27, ,4, ,
-12, ,4, ,
9, ,4, ,
-1, ,4, ,
-7, ,4, ,
-1, ,4, ,
-1, ,4, ,
2, ,4, ,
9, ,4, ,
8, ,4, ,
3, ,4, ,
2, ,4, ,
-4, ,4, ,
-6, ,4, ,
-3, ,4, ,
-4, ,4, ,
-6, ,4, ,
-3, ,4, ,
5, ,4, ,
13, ,4, ,
13, ,4, ,
0, ,4, ,
-9, ,4, ,
-7, ,4, ,
-6, ,4, ,
-6, ,4, ,
-3, ,4, ,
0, ,4, ,
2, ,4, ,
3, ,4, ,
2, ,4, ,
1, ,4, ,
1, ,4, ,
2, ,4, ,
3, ,4, ,
2, ,4, ,
0, ,4, ,
-1, ,4, ,
-2, ,4, ,
-1, ,4, ,
0, ,4, ,
1, ,4, ,
1, ,4, ,
1, ,4, ,
0, ,4, ,
-2, ,4, ,
-1, ,4, ,
0, ,4, ,
0, ,4, ,
-2, ,4, ,
-3, ,4, ,
-2, ,4, ,
1, ,4, ,
2, ,4, ,
1, ,4, ,
1, ,4, ,
3, ,4, ,
4, ,4, ,
3, ,4, ,
0, ,4, ,
-2, ,4, ,
-1, ,4, ,
-1, ,4, ,
-1, ,4, ,
-1, ,4, ,
-2, ,4, ,
-1, ,4, ,
0, ,4, ,
0, ,4, ,
0, ,4, ,
1, ,4, ,
1, ,4, ,
1, ,4, ,
0, ,4, ,
0, ,4, ,
1, ,4, ,
0, ,4, ,
0, ,4, ,
0, ,4, ,
1, ,4, ,
0, ,4, ,
-1, ,4, ,
0, ,4, ,
0, ,4, ,
0, ,4, ,
0, ,4, ,
-1, ,4, ,
0, ,4, ,
0, ,4, ,
0, ,4, ,
0, ,4, ,
1, ,4, ,
1, ,4, ,
1, ,4, ,
1, ,4, ,
1, ,4, ,
0, ,4, ,
0, ,4, ,
-1, ,4, ,
-1, ,4, ,
0, ,4, ,
0, ,4, ,
0, ,4, ,
0, ,4, ,
0, ,4, ,
0, ,4, ,
-1, ,4, ,
0, ,4, ,
0, ,4, ,
0, ,4, ,
0, ,4, ,
0, ,4, ,
-1, ,4, ,
-1, ,4, ,
0, ,4, ,
1, ,4, ,
1, ,4, ,
1, ,4, ,
0, ,4, ,
0, ,4, ,
-1, ,4, ,
-1, ,4, ,
0, ,4, ,
0, ,4, ,
0, ,4, ,
0, ,4, ,
0, ,4, ,
0, ,4, ,
-1, ,4, ,
-1, ,4, ,
0, ,4, ,
0, ,4, ,
1, ,4, ,
1, ,4, ,
1, ,4, ,
1, ,4, ,
0, ,4, ,
0, ,4, ,
-1, ,4, ,
-1, ,4, ,
-1, ,4, ,
-1, ,4, ,
-1, ,4, ,
0, ,4, ,
1, ,4, ,
1, ,4, ,
1, ,4, ,
0, ,4, ,
0, ,4, ,
0, ,4, ,
-1, ,4, ,
0, ,4, ,
0, ,4, ,
1, ,4, ,
0, ,4, ,
0, ,4, ,
0, ,4, ,
0, ,4, ,
0, ,4, ,
0, ,4, ,
0, ,4, ,
-1, ,4, ,
-1, ,4, ,
0, ,4, ,
0, ,4, ,
0, ,4, ,
0, ,4, ,
0, ,4, ,
1, ,4, ,
1, ,4, ,
0, ,4, ,
0, ,4, ,
0, ,4, ,
0, ,4, ,
0, ,4, ,
0, ,4, ,
0, ,4, ,
0, ,4, ,
0, ,4, ,
0, ,4, ,
0, ,4, ,
0, ,4, ,
0, ,4, ,
0, ,4, ,
0, ,4, ,
0, ,4, ,
-1, ,4, ,
0, ,4, ,
0, ,4, ,
0, ,4, ,
0, ,4, ,
1, ,4, ,
1, ,4, ,
1, ,4, ,
0, ,4, ,
0, ,4, ,
0, ,4, ,
0, ,4, ,
0, ,4, ,
0, ,4, ,
0, ,4, ,
0, ,4, ,
0, ,4, ,
0, ,4, ,
0, ,4, ,
0, ,4, ,
0, ,4, ,
0, ,4, ,
0, ,4, ,
0, ,4, ,
0, ,4, ,
0, ,4, ,
0, ,4, ,
0, ,4, ,
0, ,4, ,
0, ,4, ,
0, ,4, ,
0, ,4, ,
0, ,4, ,
0, ,4, ,
0, ,4, ,
0, ,4, ,
1, ,4, ,
1, ,4, ,
0, ,4, ,
0, ,4, ,
0, ,4, ,
0, ,4, ,
0, ,4, ,
0, ,4, ,
0, ,4, ,
0, ,4, ,
0, ,4, ,
0, ,4, ,
0, ,4, ,
0, ,4, ,
0, ,4, ,
0, ,4, ,
0, ,4, ,
0, ,4, ,
0, ,4, ,
0, ,4, ,
0, ,4, ,
0, ,4, ,
0, ,4, ,
0, ,4, ,
0, ,4, ,
0, ,4, ,
0, ,4, ,
0, ,4, ,
0, ,4, ,
0, ,4, ,
0, ,4, ,
0, ,4, ,
0, ,4, ,
0, ,4, ,
0, ,4, ,
0, ,4, ,
0, ,4, ,
0, ,4, ,
0, ,4, ,
0, ,4, ,
0, ,4, ,
0, ,4, ,
0, ,4, ,
0, ,4, ,
0, ,4, ,
0, ,4, ,
0, ,4, ,
0, ,4, ,
0, ,4, ,
0, ,4, ,
0, ,4, ,
0, ,4, ,
0, ,4, ,
0, ,4, ,
0, ,4, ,
0, ,4, ,
0, ,4, ,
0, ,4, ,
0, ,4, ,
0, ,4, ,
0, ,4, ,
0, ,4, ,
0, ,4, ,
0, ,4, ,
0, ,4, ,
1, ,4, ,
0, ,4, ,
0, ,4, ,
0, ,4, ,
0, ,4, ,
0, ,4, ,
0, ,4, ,
0, ,4, ,
0, ,4, ,
0, ,4, ,
0, ,4, ,
0, ,4, ,
0, ,4, ,
0, ,4, ,
0, ,4, ,
0, ,4, ,
0, ,4, ,
0, ,4, ,
0, ,4, ,
0, ,4, ,
0, ,4, ,
0, ,4, ,
0, ,4, ,
0, ,4, ,
0, ,4, ,
0, ,4, ,
0, ,4, ,
0, ,4, ,
0, ,4, ,
0, ,4, ,
0, ,4, ,
0, ,4, ,
0, ,4, ,
0, ,4, ,
0, ,4, ,
1, ,4, ,
0, ,4, ,
0, ,4, ,
0, ,4, ,
0, ,4, ,
0, ,4, ,
0, ,4, ,
0, ,4, ,
0, ,4, ,
0, ,4, ,
0, ,4, ,
0, ,4, ,
0, ,4, ,
0, ,4, ,
0, ,4, ,
0, ,4, ,
0, ,4, ,
0, ,4, ,
0, ,4, ,
0, ,4, ,
0, ,4, ,
0, ,4, ,
0, ,4, ,
0, ,4, ,
0, ,4, ,
0, ,4, ,
0, ,4, ,
0, ,4, ,
0, ,4, ,
0, ,4, ,
0, ,4, ,
0, ,4, ,
0, ,4, ,
0, ,4, ,
0, ,4, ,
0, ,4, ,
0, ,4, ,
0, ,4, ,
0, ,4, ,
0, ,4, ,
0, ,4, ,
0, ,4, ,
0, ,4, ,
0, ,4, ,
0, ,4, ,
0, ,4, ,
0, ,4, ,
0, ,4, ,
0, ,4, ,
0, ,4, ,
0, ,4, ,
0, ,4, ,
0, ,4, ,
0, ,4, ,
0, ,4, ,
0, ,4, ,
0, ,4, ,
0, ,4, ,
0, ,4, ,
0, ,4, ,
0, ,4, ,
0, ,4, ,
1, ,4, ,
0, ,4, ,
0, ,4, ,
0, ,4, ,
0, ,4, ,
0, ,4, ,
0, ,4, ,
0, ,4, ,
0, ,4, ,
0, ,4, ,
0, ,4, ,
0, ,4, ,
0, ,4, ,
0, ,4, ,
-1, ,4, ,
0, ,4, ,
0, ,4, ,
0, ,4, ,
0, ,4, ,
0, ,4, ,
0, ,4, ,
0, ,4, ,
1, ,4, ,
0, ,4, ,
0, ,4, ,
0, ,4, ,
0, ,4, ,
0, ,4, ,
0, ,4, ,
0, ,4, ,
0, ,4, ,
0, ,4, ,
0, ,4, ,
0, ,4, ,
0, ,4, ,
0, ,4, ,
0, ,4, ,
0, ,4, ,
0, ,4, ,
0, ,4, ,
0, ,4, ,
0, ,4, ,
0, ,4, ,
0, ,4, ,
0, ,4, ,
0, ,4, ,
0, ,4, ,
0, ,4, ,
0, ,4, ,
0, ,4, ,
1, ,4, ,
0, ,4, ,
0, ,4, ,
-1, ,4, ,
0, ,4, ,
0, ,4, ,
0, ,4, ,
0, ,4, ,
0, ,4, ,
0, ,4, ,
0, ,4, ,
0, ,4, ,
0, ,4, ,
0, ,4, ,
0, ,4, ,
0, ,4, ,
0, ,4, ,
0, ,4, ,
0, ,4, ,
0, ,4, ,
0, ,4, ,
0, ,4, ,
0, ,4, ,
0, ,4, ,
0, ,4, ,
0, ,4, ,
0, ,4, ,
0, ,4, ,
0, ,4, ,
0, ,4, ,
0, ,4, ,
0, ,4, ,
0, ,4, ,
0, ,4, ,
0, ,4, ,
0, ,4, ,
0, ,4, ,
0, ,4, ,
0, ,4, ,
0, ,4, ,
0, ,4, ,
0, ,4, ,
0, ,4, ,
0, ,4, ,
0, ,4, ,
0, ,4, ,
0, ,4, ,
0, ,4, ,
0, ,4, ,
0, ,4, ,
0, ,4, ,
0, ,4, ,
0, ,4, ,
0, ,4, ,
0, ,4, ,
0, ,4, ,
0, ,4, ,
0, ,4, ,
0, ,4, ,
0, ,4, ,
0, ,4, ,
0, ,4, ,
0, ,4, ,
0, ,4, ,
0, ,4, ,
0, ,4, ,
0, ,4, ,
0, ,4, ,
0, ,4, ,
0, ,4, ,
0, ,4, ,
0, ,4, ,
0, ,4, ,
0, ,4, ,
0, ,4, ,
0, ,4, ,
0, ,4, ,
0, ,4, ,
0, ,4, ,
0, ,4, ,
0, ,4, ,
0, ,4, ,
0, ,4, ,
0, ,4, ,
0, ,4, ,
0, ,4, ,
0, ,4, ,
0, ,4, ,
0, ,4, ,
0, ,4, ,
0, ,4, ,
0, ,4, ,
0, ,4, ,
0, ,4, ,
0, ,4, ,
0, ,4, ,
0, ,4, ,
0, ,4, ,
0, ,4, ,
0, ,4, ,
0, ,4, ,
0, ,4, ,
0, ,4, ,
0, ,4, ,
0, ,4, ,
0, ,4, ,
0, ,4, ,
0, ,4, ,
0, ,4, ,
0, ,4, ,
0, ,4, ,
0, ,4, ,
0, ,4, ,
0, ,4, ,
0, ,4, ,
0, ,4, ,
0, ,4, ,
0, ,4, ,
0, ,4, ,
0, ,4, ,
0, ,4, ,
0, ,4, ,
0, ,4, ,
0, ,4, ,
0, ,4, ,
0, ,4, ,
0, ,4, ,
0, ,4, ,
0, ,4, ,
0, ,4, ,
0, ,4, ,
0, ,4, ,
0, ,4, ,
0, ,4, ,
0, ,4, ,
0, ,4, ,
0, ,4, ,
0, ,4, ,
0, ,4, ,
0, ,4, ,
0, ,4, ,
0, ,4, ,
0, ,4, ,
0, ,4, ,
0, ,4, ,
0, ,4, ,
0, ,4, ,
0, ,4, ,
0, ,4, ,
0, ,4, ,
0, ,4, ,
0, ,4, ,
0, ,4, ,
0, ,4, ,
0, ,4, ,
0, ,4, ,
0, ,4, ,
0, ,4, ,
0, ,4, ,
0, ,4, ,
0, ,4, ,
0, ,4, ,
0, ,4, ,
0, ,4, ,
0, ,4, ,
0, ,4, ,
0, ,4, ,
0, ,4, ,
0, ,4, ,
0, ,4, ,
1, ,4, ,
0, ,4, ,
0, ,4, ,
0, ,4, ,
0, ,4, ,
0, ,4, ,
0, ,4, ,
0, ,4, ,
0, ,4, ,
0, ,4, ,
0, ,4, ,
0, ,4, ,
0, ,4, ,
0, ,4, ,
0, ,4, ,
0, ,4, ,
0, ,4, ,
0, ,4, ,
0, ,4, ,
0, ,4, ,
0, ,4, ,
0, ,4, ,
0, ,4, ,
0, ,4, ,
0, ,4, ,
0, ,4, ,
0, ,4, ,
0, ,4, ,
0, ,4, ,
0, ,4, ,
0, ,4, ,
0, ,4, ,
0, ,4, ,
0, ,4, ,
0, ,4, ,
0, ,4, ,
0, ,4, ,
0, ,4, ,
0, ,4, ,
0, ,4, ,
0, ,4, ,
0, ,4, ,
0, ,4, ,
0, ,4, ,
0, ,4, ,
0, ,4, ,
0, ,4, ,
0, ,4, ,
0, ,4, ,
0, ,4, ,
0, ,4, ,
0, ,4, ,
0, ,4, ,
0, ,4, ,
0, ,4, ,
0, ,4, ,
0, ,4, ,
0, ,4, ,
0, ,4, ,
0, ,4, ,
0, ,4, ,
0, ,4, ,
0, ,4, ,
0, ,4, ,
0, ,4, ,
0, ,4, ,
0, ,4, ,
0, ,4, ,
0, ,4, ,
0, ,4, ,
0, ,4, ,
0, ,4, ,
0, ,4, ,
0, ,4, ,
0, ,4, ,
0, ,4, ,
0, ,4, ,
0, ,4, ,
0, ,4, ,
0, ,4, ,
0, ,4, ,
0, ,4, ,
0, ,4, ,
0, ,4, ,
0, ,4, ,
0, ,4, ,
0, ,4, ,
0, ,4, ,
0, ,4, ,
0, ,4, ,
0, ,4, ,
0, ,4, ,
0, ,4, ,
0, ,4, ,
0, ,4, ,
0, ,4, ,
0, ,4, ,
0, ,4, ,
0, ,4, ,
0, ,4, ,
0, ,4, ,
0, ,4, ,
0, ,4, ,
0, ,4, ,
0, ,4, ,
0, ,4, ,
0, ,4, ,
0, ,4, ,
0, ,4, ,
0, ,4, ,
0, ,4, ,
0, ,4, ,
0, ,4, ,
0, ,4, ,
0, ,4, ,
0, ,4, ,
0, ,4, ,
0, ,4, ,
0, ,4, ,
0, ,4, ,
0, ,4, ,
0, ,4, ,
0, ,4, ,
0, ,4, ,
0, ,4, ,
0, ,4, ,
0, ,4, ,
0, ,4, ,
0, ,4, ,
0, ,4, ,
0, ,4, ,
0, ,4, ,
0, ,4, ,
0, ,4, ,
0, ,4, ,
0, ,4, ,
0, ,4, ,
0, ,4, ,
0, ,4, ,
0, ,4, ,
0, ,4, ,
0, ,4, ,
0, ,4, ,
0, ,4, ,
0, ,4, ,
0, ,4, ,
0, ,4, ,
0, ,4, ,
0, ,4, ,
0, ,4, ,
0, ,4, ,
0, ,4, ,
0, ,4, ,
0, ,4, ,
0, ,4, ,
0, ,4, ,
0, ,4, ,
0, ,4, ,
0, ,4, ,
0, ,4, ,
0, ,4, ,
0, ,4, ,
0, ,4, ,
0, ,4, ,
0, ,4, ,
0, ,4, ,
0, ,4, ,
0, ,4, ,
0, ,4, ,
0, ,4, ,
0, ,4, ,
0, ,4, ,
0, ,4, ,
0, ,4, ,
0, ,4, ,
0, ,4, ,
0, ,4, ,
0, ,4, ,
0, ,4, ,
0, ,4, ,
0, ,4, ,
0, ,4, ,
0, ,4, ,
0, ,4, ,
0, ,4, ,
0, ,4, ,
0, ,4, ,
0, ,4, ,
0, ,4, ,
0, ,4, ,
0, ,4, ,
0, ,4, ,
0, ,4, ,
0, ,4, ,
0, ,4, ,
0, ,4, ,
0, ,4, ,
0, ,4, ,
0, ,4, ,
0, ,4, ,
0, ,4, ,
0, ,4, ,
0, ,4, ,
0, ,4, ,
0, ,4, ,
0, ,4, ,
0, ,4, ,
0, ,4, ,
0, ,4, ,
0, ,4, ,
0, ,4, ,
0, ,4, ,
0, ,4, ,
0, ,4, ,
0, ,4, ,
0, ,4, ,
0, ,4, ,
0, ,4, ,
0, ,4, ,
0, ,4, ,
0, ,4, ,
0, ,4, ,
0, ,4, ,
0, ,4, ,
0, ,4, ,
0, ,4, ,
0, ,4, ,
0, ,4, ,
0, ,4, ,
0, ,4, ,
0, ,4, ,
0, ,4, ,
0, ,4, ,
0, ,4, ,
0, ,4, ,
0, ,4, ,
0, ,4, ,
0, ,4, ,
0, ,4, ,
0, ,4, ,
0, ,4, ,
0, ,4, ,
0, ,4, ,
0, ,4, ,
0, ,4, ,
0, ,4, ,
0, ,4, ,
0, ,4, ,
0, ,4, ,
0, ,4, ,
0, ,4, ,
0, ,4, ,
0, ,4, ,
0, ,4, ,
0, ,4, ,
0, ,4, ,
0, ,4, ,
0, ,4, ,
0, ,4, ,
0, ,4, ,
0, ,4, ,
0, ,4, ,
0, ,4, ,
0, ,4, ,
0, ,4, ,
0, ,4, ,
0, ,4, ,
0, ,4, ,
0, ,4, ,
0, ,4, ,
0, ,4, ,
0, ,4, ,
0, ,4, ,
0, ,4, ,
0, ,4, ,
0, ,4, ,
0, ,4, ,
0, ,4, ,
0, ,4, ,
0, ,4, ,
0, ,4, ,
0, ,4, ,
0, ,4, ,
0, ,4, ,
0, ,4, ,
0, ,4, ,
0, ,4, ,
0, ,4, ,
0, ,4, ,
0, ,4, ,
0, ,4, ,
0, ,4, ,
0, ,4, ,
0, ,4, ,
0, ,4, ,
0, ,4, ,
0, ,4, ,
0, ,4, ,
0, ,4, ,
0, ,4, ,
0, ,4, ,
0, ,4, ,
0, ,4, ,
0, ,4, ,
0, ,4, ,
0, ,4, ,
0, ,4, ,
0, ,4, ,
0, ,4, ,
0, ,4, ,
0, ,4, ,
0, ,4, ,
0, ,4, ,
0, ,4, ,
0, ,4, ,
0, ,4, ,
0, ,4, ,
0, ,4, ,
0, ,4, ,
0, ,4, ,
0, ,4, ,
0, ,4, ,
0, ,4, ,
0, ,4, ,
0, ,4, ,
0, ,4, ,
0, ,4, ,
0, ,4, ,
0, ,4, ,
0, ,4, ,
0, ,4, ,
0, ,4, ,
0, ,4, ,
0, ,4, ,
0, ,4, ,
0, ,4, ,
0, ,4, ,
0, ,4, ,
0, ,4, ,
0, ,4, ,
0, ,4, ,
0, ,4, ,
0, ,4, ,
0, ,4, ,
0, ,4, ,
0, ,4, ,
0, ,4, ,
0, ,4, ,
0, ,4, ,
0, ,4, ,
0, ,4, ,
0, ,4, ,
0, ,4, ,
0, ,4, ,
0, ,4, ,
0, ,4, ,
0, ,4, ,
0, ,4, ,
0, ,4, ,
0, ,4, ,
0, ,4, ,
0, ,4, ,
0, ,4, ,
0, ,4, ,
0, ,4, ,
0, ,4, ,
0, ,4, ,
0, ,4, ,
0, ,4, ,
0, ,4, ,
0, ,4, ,
0, ,4, ,
0, ,4, ,
0, ,4, ,
0, ,4, ,
0, ,4, ,
0, ,4, ,
0, ,4, ,
0, ,4, ,
0, ,4, ,
0, ,4, ,
0, ,4, ,
0, ,4, ,
0, ,4, ,
0, ,4, ,
0, ,4, ,
0, ,4, ,
0, ,4, ,
0, ,4, ,
0, ,4, ,
0, ,4, ,
0, ,4, ,
0, ,4, ,
0, ,4, ,
0, ,4, ,
0, ,4, ,
0, ,4, ,
0, ,4, ,
0, ,4, ,
0, ,4, ,
0, ,4, ,
0, ,4, ,
0, ,4, ,
0, ,4, ,
0, ,4, ,
0, ,4, ,
0, ,4, ,
0, ,4, ,
0, ,4, ,
0, ,4, ,
0, ,4, ,
0, ,4, ,
0, ,4, ,
0, ,4, ,
0, ,4, ,
0, ,4, ,
0, ,4, ,
0, ,4, ,
0, ,4, ,
0, ,4, ,
0, ,4, ,
0, ,4, ,
0, ,4, ,
0, ,4, ,
0, ,4, ,
0, ,4, ,
0, ,4, ,
0, ,4, ,
0, ,4, ,
0, ,4, ,
0, ,4, ,
0, ,4, ,
0, ,4, ,
0, ,4, ,
0, ,4, ,
0, ,4, ,
0, ,4, ,
0, ,4, ,
0, ,4, ,
0, ,4, ,
0, ,4, ,
0, ,4, ,
0, ,4, ,
0, ,4, ,
0, ,4, ,
0, ,4, ,
0, ,4, ,
0, ,4, ,
0, ,4, ,
0, ,4, ,
0, ,4, ,
0, ,4, ,
0, ,4, ,
0, ,4, ,
0, ,4, ,
0, ,4, ,
0, ,4, ,
0, ,4, ,
0, ,4, ,
0, ,4, ,
0, ,4, ,
0, ,4, ,
0, ,4, ,
0, ,4, ,
0, ,4, ,
0, ,4, ,
0, ,4, ,
0, ,4, ,
0, ,4, ,
0, ,4, ,
0, ,4, ,
0, ,4, ,
0, ,4, ,
0, ,4, ,
0, ,4, ,
0, ,4, ,
0, ,4, ,
0, ,4, ,
0, ,4, ,
0, ,4, ,
0, ,4, ,
0, ,4, ,
0, ,4, ,
0, ,4, ,
0, ,4, ,
0, ,4, ,
0, ,4, ,
0, ,4, ,
0, ,4, ,
0, ,4, ,
0, ,4, ,
0, ,4, ,
0, ,4, ,
0, ,4, ,
0, ,4, ,
0, ,4, ,
0, ,4, ,
0, ,4, ,
0, ,4, ,
0, ,4, ,
0, ,4, ,
0, ,4, ,
0, ,4, ,
0, ,4, ,
0, ,4, ,
0, ,4, ,
0, ,4, ,
0, ,4, ,
0, ,4, ,
0, ,4, ,
0, ,4, ,
0, ,4, ,
0, ,4, ,
0, ,4, ,
0, ,4, ,
0, ,4, ,
0, ,4, ,
0, ,4, ,
0, ,4, ,
0, ,4, ,
0, ,4, ,
0, ,4, ,
0, ,4, ,
0, ,4, ,
0, ,4, ,
0, ,4, ,
0, ,4, ,
0, ,4, ,
0, ,4, ,
0, ,4, ,
0, ,4, ,
0, ,4, ,
0, ,4, ,
0, ,4, ,
0, ,4, ,
0, ,4, ,
0, ,4, ,
0, ,4, ,
0, ,4, ,
0, ,4, ,
0, ,4, ,
0, ,4, ,
0, ,4, ,
0, ,4, ,
0, ,4, ,
0, ,4, ,
0, ,4, ,
0, ,4, ,
0, ,4, ,
0, ,4, ,
0, ,4, ,
0, ,4, ,
0, ,4, ,
0, ,4, ,
0, ,4, ,
0, ,4, ,
0, ,4, ,
0, ,4, ,
0, ,4, ,
0, ,4, ,
0, ,4, ,
0, ,4, ,
0, ,4, ,
0, ,4, ,
0, ,4, ,
0, ,4, ,
0, ,4, ,
0, ,4, ,
0, ,4, ,
0, ,4, ,
0, ,4, ,
0, ,4, ,
0, ,4, ,
0, ,4, ,
0, ,4, ,
0, ,4, ,
0, ,4, ,
0, ,4, ,
0, ,4, ,
0, ,4, ,
0, ,4, ,
0, ,4, ,
0, ,4, ,
0, ,4, ,
0, ,4, ,
0, ,4, ,
0, ,4, ,
0, ,4, ,
0, ,4, ,
0, ,4, ,
0, ,4, ,
0, ,4, ,
0, ,4, ,
0, ,4, ,
0, ,4, ,
0, ,4, ,
0, ,4, ,
0, ,4, ,
0, ,4, ,
0, ,4, ,
0, ,4, ,
0, ,4, ,
0, ,4, ,
0, ,4, ,
0, ,4, ,
0, ,4, ,
0, ,4, ,
0, ,4, ,
0, ,4, ,
0, ,4, ,
0, ,4, ,
0, ,4, ,
0, ,4, ,
0, ,4, ,
0, ,4, ,
0, ,4, ,
0, ,4, ,
0, ,4, ,
0, ,4, ,
0, ,4, ,
0, ,4, ,
0, ,4, ,
0, ,4, ,
0, ,4, ,
0, ,4, ,
0, ,4, ,
0, ,4, ,
0, ,4, ,
0, ,4, ,
0, ,4, ,
0, ,4, ,
0, ,4, ,
0, ,4, ,
0, ,4, ,
0, ,4, ,
0, ,4, ,
0, ,4, ,
0, ,4, ,
0, ,4, ,
0, ,4, ,
0, ,4, ,
0, ,4, ,
0, ,4, ,
0, ,4, ,
0, ,4, ,
0, ,4, ,
0, ,4, ,
0, ,4, ,
0, ,4, ,
0, ,4, ,
0, ,4, ,
0, ,4, ,
0, ,4, ,
0, ,4, ,
0, ,4, ,
0, ,4, ,
0, ,4, ,
0, ,4, ,
0, ,4, ,
0, ,4, ,
0, ,4, ,
0, ,4, ,
0, ,4, ,
0, ,4, ,
0, ,4, ,
0, ,4, ,
0, ,4, ,
0, ,4, ,
0, ,4, ,
0, ,4, ,
0, ,4, ,
0, ,4, ,
0, ,4, ,
0, ,4, ,
0, ,4, ,
0, ,4, ,
0, ,4, ,
0, ,4, ,
0, ,4, ,
0, ,4, ,
0, ,4, ,
0, ,4, ,
0, ,4, ,
0, ,4, ,
0, ,4, ,
0, ,4, ,
0, ,4, ,
0, ,4, ,
0, ,4, ,
0, ,4, ,
0, ,4, ,
0, ,4, ,
0, ,4, ,
0, ,4, ,
0, ,4, ,
0, ,4, ,
0, ,4, ,
0, ,4, ,
0, ,4, ,
0, ,4, ,
0, ,4, ,
0, ,4, ,
0, ,4, ,
0, ,4, ,
0, ,4, ,
0, ,4, ,
0, ,4, ,
0, ,4, ,
0, ,4, ,
0, ,4, ,
0, ,4, ,
0, ,4, ,
0, ,4, ,
0, ,4, ,
0, ,4, ,
0, ,4, ,
0, ,4, ,
0, ,4, ,
0, ,4, ,
0, ,4, ,
0, ,4, ,
0, ,4, ,
0, ,4, ,
0, ,4, ,
0, ,4, ,
0, ,4, ,
0, ,4, ,
0, ,4, ,
0, ,4, ,
0, ,4, ,
0, ,4, ,
0, ,4, ,
0, ,4, ,
0, ,4, ,
0, ,4, ,
0, ,4, ,
0, ,4, ,
0, ,4, ,
0, ,4, ,
0, ,4, ,
0, ,4, ,
0, ,4, ,
0, ,4, ,
0, ,4, ,
0, ,4, ,
0, ,4, ,
0, ,4, ,
0, ,4, ,
0, ,4, ,
0, ,4, ,
0, ,4, ,
0, ,4, ,
0, ,4, ,
0, ,4, ,
0, ,4, ,
0, ,4, ,
0, ,4, ,
0, ,4, ,
0, ,4, ,
0, ,4, ,
0, ,4, ,
0, ,4, ,
0, ,4, ,
0, ,4, ,
0, ,4, ,
0, ,4, ,
0, ,4, ,
0, ,4, ,
0, ,4, ,
0, ,4, ,
0, ,4, ,
0, ,4, ,
0, ,4, ,
0, ,4, ,
0, ,4, ,
0, ,4, ,
0, ,4, ,
0, ,4, ,
0, ,4, ,
0, ,4, ,
0, ,4, ,
0, ,4, ,
0, ,4, ,
0, ,4, ,
0, ,4, ,
0, ,4, ,
0, ,4, ,
0, ,4, ,
0, ,4, ,
0, ,4, ,
0, ,4, ,
0, ,4, ,
0, ,4, ,
0, ,4, ,
0, ,4, ,
0, ,4, ,
0, ,4, ,
0, ,4, ,
0, ,4, ,
0, ,4, ,
0, ,4, ,
0, ,4, ,
0, ,4, ,
0, ,4, ,
0, ,4, ,
0, ,4, ,
0, ,4, ,
0, ,4, ,
0, ,4, ,
0, ,4, ,
0, ,4, ,
0, ,4, ,
0, ,4, ,
0, ,4, ,
0, ,4, ,
0, ,4, ,
0, ,4, ,
0, ,4, ,
0, ,4, ,
0, ,4, ,
0, ,4, ,
0, ,4, ,
0, ,4, ,
0, ,4, ,
0, ,4, ,
0, ,4, ,
0, ,4, ,
0, ,4, ,
0, ,4, ,
0, ,4, ,
0, ,4, ,
0, ,4, ,
0, ,4, ,
0, ,4, ,
0, ,4, ,
0, ,4, ,
0, ,4, ,
0, ,4, ,
0, ,4, ,
0, ,4, ,
0, ,4, ,
0, ,4, ,
0, ,4, ,
0, ,4, ,
0, ,4, ,
0, ,4, ,
0, ,4, ,
0, ,4, ,
0, ,4, ,
0, ,4, ,
0, ,4, ,
0, ,4, ,
0, ,4, ,
0, ,4, ,
0, ,4, ,
0, ,4, ,
0, ,4, ,
0, ,4, ,
0, ,4, ,
0, ,4, ,
0, ,4, ,
0, ,4, ,
0, ,4, ,
0, ,4, ,
0, ,4, ,
0, ,4, ,
0, ,4, ,
0, ,4, ,
0, ,4, ,
0, ,4, ,
0, ,4, ,
0, ,4, ,
0, ,4, ,
0, ,4, ,
0, ,4, ,
0, ,4, ,
0, ,4, ,
0, ,4, ,
0, ,4, ,
0, ,4, ,
0, ,4, ,
0, ,4, ,
0, ,4, ,
0, ,4, ,
0, ,4, ,
0, ,4, ,
0, ,4, ,
0, ,4, ,
0, ,4, ,
0, ,4, ,
0, ,4, ,
0, ,4, ,
0, ,4, ,
0, ,4, ,
0, ,4, ,
0, ,4, ,
0, ,4, ,
0, ,4, ,
0, ,4, ,
0, ,4, ,
0, ,4, ,
0, ,4, ,
0, ,4, ,
0, ,4, ,
0, ,4, ,
0, ,4, ,
0, ,4, ,
0, ,4, ,
0, ,4, ,
0, ,4, ,
0, ,4, ,
0, ,4, ,
0, ,4, ,
0, ,4, ,
0, ,4, ,
0, ,4, ,
0, ,4, ,
0, ,4, ,
0, ,4, ,
0, ,4, ,
0, ,4, ,
0, ,4, ,
0, ,4, ,
0, ,4, ,
0, ,4, ,
0, ,4, ,
0, ,4, ,
0, ,4, ,
0, ,4, ,
0, ,4, ,
0, ,4, ,
0, ,4, ,
0, ,4, ,
0, ,4, ,
0, ,4, ,
0, ,4, ,
0, ,4, ,
0, ,4, ,
0, ,4, ,
0, ,4, ,
0, ,4, ,
0, ,4, ,
0, ,4, ,
0, ,4, ,
0, ,4, ,
0, ,4, ,
0, ,4, ,
0, ,4, ,
0, ,4, ,
0, ,4, ,
0, ,4, ,
0, ,4, ,
0, ,4, ,
0, ,4, ,
0, ,4, ,
0, ,4, ,
0, ,4, ,
0, ,4, ,
0, ,4, ,
0, ,4, ,
0, ,4, ,
0, ,4, ,
0, ,4, ,
0, ,4, ,
0, ,4, ,
0, ,4, ,
0, ,4, ,
0, ,4, ,
0, ,4, ,
0, ,4, ,
0, ,4, ,
0, ,4, ,
0, ,4, ,
0, ,4, ,
0, ,4, ,
0, ,4, ,
0, ,4, ,
0, ,4, ,
0, ,4, ,
0, ,4, ,
0, ,4, ,
0, ,4, ,
0, ,4, ,
0, ,4, ,
0, ,4, ,
0, ,4, ,
0, ,4, ,
0, ,4, ,
0, ,4, ,
0, ,4, ,
0, ,4, ,
0, ,4, ,
0, ,4, ,
0, ,4, ,
0, ,4, ,
0, ,4, ,
0, ,4, ,
0, ,4, ,
0, ,4, ,
0, ,4, ,
0, ,4, ,
0, ,4, ,
0, ,4, ,
0, ,4, ,
0, ,4, ,
0, ,4, ,
0, ,4, ,
0, ,4, ,
0, ,4, ,
0, ,4, ,
0, ,4, ,
0, ,4, ,
0, ,4, ,
0, ,4, ,
0, ,4, ,
0, ,4, ,
0, ,4, ,
0, ,4, ,
0, ,4, ,
0, ,4, ,
0, ,4, ,
0, ,4, ,
0, ,4, ,
0, ,4, ,
0, ,4, ,
0, ,4, ,
0, ,4, ,
0, ,4, ,
0, ,4, ,
0, ,4, ,
0, ,4, ,
0, ,4, ,
0, ,4, ,
0, ,4, ,
0, ,4, ,
0, ,4, ,
0, ,4, ,
0, ,4, ,
0, ,4, ,
0, ,4, ,
0, ,4, ,
0, ,4, ,
0, ,4, ,
0, ,4, ,
0, ,4, ,
0, ,4, ,
0, ,4, ,
0, ,4, ,
0, ,4, ,
0, ,4, ,
0, ,4, ,
0, ,4, ,
0, ,4, ,
0, ,4, ,
0, ,4, ,
0, ,4, ,
0, ,4, ,
0, ,4, ,
0, ,4, ,
0, ,4, ,
0, ,4, ,
0, ,4, ,
0, ,4, ,
0, ,4, ,
0, ,4, ,
0, ,4, ,
0, ,4, ,
0, ,4, ,
0, ,4, ,
0, ,4, ,
0, ,4, ,
0, ,4, ,
0, ,4, ,
0, ,4, ,
0, ,4, ,
0, ,4, ,
0, ,4, ,
0, ,4, ,
0, ,4, ,
0, ,4, ,
0, ,4, ,
0, ,4, ,
0, ,4, ,
0, ,4, ,
0, ,4, ,
0, ,4, ,
0, ,4, ,
0, ,4, ,
0, ,4, ,
0, ,4, ,
0, ,4, ,
0, ,4, ,
0, ,4, ,
0, ,4, ,
0, ,4, ,
0, ,4, ,
0, ,4, ,
0, ,4, ,
0, ,4, ,
0, ,4, ,
0, ,4, ,
0, ,4, ,
0, ,4, ,
0, ,4, ,
0, ,4, ,
0, ,4, ,
0, ,4, ,
0, ,4, ,
0, ,4, ,
0, ,4, ,
0, ,4, ,
0, ,4, ,
0, ,4, ,
0, ,4, ,
0, ,4, ,
0, ,4, ,
0, ,4, ,
0, ,4, ,
0, ,4, ,
0, ,4, ,
0, ,4, ,
0, ,4, ,
0, ,4, ,
0, ,4, ,
0, ,4, ,
0, ,4, ,
0, ,4, ,
0, ,4, ,
0, ,4, ,
0, ,4, ,
0, ,4, ,
0, ,4, ,
0, ,4, ,
0, ,4, ,
0, ,4, ,
0, ,4, ,
0, ,4, ,
0, ,4, ,
0, ,4, ,
0, ,4, ,
0, ,4, ,
0, ,4, ,
0, ,4, ,
0, ,4, ,
0, ,4, ,
0, ,4, ,
0, ,4, ,
0, ,4, ,
0, ,4, ,
0, ,4, ,
0, ,4, ,
0, ,4, ,
0, ,4, ,
0, ,4, ,
0, ,4, ,
0, ,4, ,
0, ,4, ,
0, ,4, ,
0, ,4, ,
0, ,4, ,
0, ,4, ,
0, ,4, ,
0, ,4, ,
0, ,4, ,
0, ,4, ,
0, ,4, ,
0, ,4, ,
0, ,4, ,
0, ,4, ,
0, ,4, ,
0, ,4, ,
0, ,4, ,
0, ,4, ,
0, ,4, ,
0, ,4, ,
0, ,4, ,
0, ,4, ,
0, ,4, ,
0, ,4, ,
0, ,4, ,
0, ,4, ,
0, ,4, ,
0, ,4, ,
0, ,4, ,
0, ,4, ,
0, ,4, ,
0, ,4, ,
0, ,4, ,
0, ,4, ,
0, ,4, ,
0, ,4, ,
0, ,4, ,
0, ,4, ,
0, ,4, ,
0, ,4, ,
0, ,4, ,
0, ,4, ,
0, ,4, ,
0, ,4, ,
0, ,4, ,
0, ,4, ,
0, ,4, ,
0, ,4, ,
0, ,4, ,
0, ,4, ,
0, ,4, ,
0, ,4, ,
0, ,4, ,
0, ,4, ,
0, ,4, ,
0, ,4, ,
0, ,4, ,
0, ,4, ,
0, ,4, ,
0, ,4, ,
0, ,4, ,
0, ,4, ,
0, ,4, ,
0, ,4, ,
0, ,4, ,
0, ,4, ,
0, ,4, ,
0, ,4, ,
0, ,4, ,
0, ,4, ,
0, ,4, ,
0, ,4, ,
0, ,4, ,
0, ,4, ,
0, ,4, ,
0, ,4, ,
0, ,4, ,
0, ,4, ,
0, ,4, ,
0, ,4, ,
0, ,4, ,
0, ,4, ,
0, ,4, ,
0, ,4, ,
0, ,4, ,
0, ,4, ,
0, ,4, ,
0, ,4, ,
0, ,4, ,
0, ,4, ,
0, ,4, ,
0, ,4, ,
0, ,4, ,
0, ,4, ,
0, ,4, ,
0, ,4, ,
0, ,4, ,
0, ,4, ,
0, ,4, ,
0, ,4, ,
0, ,4, ,
0, ,4, ,
0, ,4, ,
0, ,4, ,
0, ,4, ,
0, ,4, ,
0, ,4, ,
0, ,4, ,
0, ,4, ,
0, ,4, ,
0, ,4, ,
0, ,4, ,
0, ,4, ,
0, ,4, ,
0, ,4, ,
0, ,4, ,
0, ,4, ,
0, ,4, ,
0, ,4, ,
0, ,4, ,
0, ,4, ,
0, ,4, ,
0, ,4, ,
0, ,4, ,
0, ,4, ,
0, ,4, ,
0, ,4, ,
0, ,4, ,
0, ,4, ,
0, ,4, ,
0, ,4, ,
0, ,4, ,
0, ,4, ,
0, ,4, ,
0, ,4, ,
0, ,4, ,
0, ,4, ,
0, ,4, ,
0, ,4, ,
0, ,4, ,
0, ,4, ,
0, ,4, ,
0, ,4, ,
0, ,4, ,
0, ,4, ,
0, ,4, ,
0, ,4, ,
0, ,4, ,
0, ,4, ,
0, ,4, ,
0, ,4, ,
0, ,4, ,
0, ,4, ,
0, ,4, ,
0, ,4, ,
0, ,4, ,
0, ,4, ,
0, ,4, ,
0, ,4, ,
0, ,4, ,
0, ,4, ,
0, ,4, ,
0, ,4, ,
0, ,4, ,
0, ,4, ,
0, ,4, ,
0, ,4, ,
0, ,4, ,
0, ,4, ,
0, ,4, ,
0, ,4, ,
0, ,4, ,
0, ,4, ,
0, ,4, ,
0, ,4, ,
0, ,4, ,
0, ,4, ,
0, ,4, ,
0, ,4, ,
0, ,4, ,
0, ,4, ,
0, ,4, ,
0, ,4, ,
0, ,4, ,
0, ,4, ,
0, ,4, ,
0, ,4, ,
0, ,4, ,
0, ,4, ,
0, ,4, ,
0, ,4, ,
0, ,4, ,
0, ,4, ,
0, ,4, ,
0, ,4, ,
0, ,4, ,
0, ,4, ,
0, ,4, ,
0, ,4, ,
0, ,4, ,
0, ,4, ,
0, ,4, ,
0, ,4, ,
0, ,4, ,
0, ,4, ,
0, ,4, ,
0, ,4, ,
0, ,4, ,
0, ,4, ,
0, ,4, ,
0, ,4, ,
0, ,4, ,
0, ,4, ,
0, ,4, ,
0, ,4, ,
0, ,4, ,
0, ,4, ,
0, ,4, ,
0, ,4, ,
0, ,4, ,
0, ,4, ,
0, ,4, ,
0, ,4, ,
0, ,4, ,
0, ,4, ,
0, ,4, ,
0, ,4, ,
0, ,4, ,
0, ,4, ,
0, ,4, ,
0, ,4, ,
0, ,4, ,
0, ,4, ,
0, ,4, ,
0, ,4, ,
0, ,4, ,
0, ,4, ,
0, ,4, ,
0, ,4, ,
0, ,4, ,
0, ,4, ,
0, ,4, ,
0, ,4, ,
0, ,4, ,
0, ,4, ,
0, ,4, ,
0, ,4, ,
0, ,4, ,
0, ,4, ,
0, ,4, ,
0, ,4, ,
0, ,4, ,
0, ,4, ,
0, ,4, ,
0, ,4, ,
0, ,4, ,
0, ,4, ,
0, ,4, ,
0, ,4, ,
0, ,4, ,
0, ,4, ,
0, ,4, ,
0, ,4, ,
0, ,4, ,
0, ,4, ,
0, ,4, ,
0, ,4, ,
0, ,4, ,
0, ,4, ,
0, ,4, ,
0, ,4, ,
0, ,4, ,
0, ,4, ,
0, ,4, ,
0, ,4, ,
0, ,4, ,
0, ,4, ,
0, ,4, ,
0, ,4, ,
0, ,4, ,
0, ,4, ,
0, ,4, ,
0, ,4, ,
0, ,4, ,
0, ,4, ,
0, ,4, ,
0, ,4, ,
0, ,4, ,
0, ,4, ,
0, ,4, ,
0, ,4, ,
0, ,4, ,
0, ,4, ,
0, ,4, ,
0, ,4, ,
0, ,4, ,
0, ,4, ,
0, ,4, ,
0, ,4, ,
0, ,4, ,
0, ,4, ,
0, ,4, ,
0, ,4, ,
0, ,4, ,
0, ,4, ,
0, ,4, ,
0, ,4, ,
0, ,4, ,
0, ,4, ,
0, ,4, ,
0, ,4, ,
0, ,4, ,
0, ,4, ,
0, ,4, ,
0, ,4, ,
0, ,4, ,
0, ,4, ,
0, ,4, ,
0, ,4, ,
0, ,4, ,
0, ,4, ,
0, ,4, ,
0, ,4, ,
0, ,4, ,
0, ,4, ,
0, ,4, ,
0, ,4, ,
0, ,4, ,
0, ,4, ,
0, ,4, ,
0, ,4, ,
0, ,4, ,
0, ,4, ,
0, ,4, ,
0, ,4, ,
0, ,4, ,
0, ,4, ,
0, ,4, ,
0, ,4, ,
0, ,4, ,
0, ,4, ,
0, ,4, ,
0, ,4, ,
0, ,4, ,
0, ,4, ,
0, ,4, ,
0, ,4, ,
0, ,4, ,
0, ,4, ,
0, ,4, ,
0, ,4, ,
0, ,4, ,
0, ,4, ,
0, ,4, ,
0, ,4, ,
0, ,4, ,
0, ,4, ,
0, ,4, ,
0, ,4, ,
0, ,4, ,
0, ,4, ,
0, ,4, ,
0, ,4, ,
0, ,4, ,
0, ,4, ,
0, ,4, ,
0, ,4, ,
0, ,4, ,
0, ,4, ,
0, ,4, ,
0, ,4, ,
0, ,4, ,
0, ,4, ,
0, ,4, ,
0, ,4, ,
0, ,4, ,
0, ,4, ,
0, ,4, ,
0, ,4, ,
0, ,4, ,
0, ,4, ,
0, ,4, ,
0, ,4, ,
0, ,4, ,
0, ,4, ,
0, ,4, ,
0, ,4, ,
0, ,4, ,
0, ,4, ,
0, ,4, ,
0, ,4, ,
0, ,4, ,
0, ,4, ,
0, ,4, ,
0, ,4, ,
0, ,4, ,
0, ,4, ,
0, ,4, ,
0, ,4, ,
0, ,4, ,
0, ,4, ,
0, ,4, ,
0, ,4, ,
0, ,4, ,
0, ,4, ,
0, ,4, ,
0, ,4, ,
0, ,4, ,
0, ,4, ,
0, ,4, ,
0, ,4, ,
0, ,4, ,
0, ,4, ,
0, ,4, ,
0, ,4, ,
0, ,4, ,
0, ,4, ,
0, ,4, ,
0, ,4, ,
0, ,4, ,
0, ,4, ,
0, ,4, ,
0, ,4, ,
0, ,4, ,
0, ,4, ,
0, ,4, ,
0, ,4, ,
0, ,4, ,
0, ,4, ,
0, ,4, ,
0, ,4, ,
0, ,4, ,
0, ,4, ,
0, ,4, ,
0, ,4, ,
0, ,4, ,
0, ,4, ,
0, ,4, ,
0, ,4, ,
0, ,4, ,
0, ,4, ,
0, ,4, ,
0, ,4, ,
0, ,4, ,
0, ,4, ,
0, ,4, ,
0, ,4, ,
0, ,4, ,
0, ,4, ,
0, ,4, ,
0, ,4, ,
0, ,4, ,
0, ,4, ,
0, ,4, ,
0, ,4, ,
0, ,4, ,
0, ,4, ,
0, ,4, ,
0, ,4, ,
0, ,4, ,
0, ,4, ,
0, ,4, ,
0, ,4, ,
0, ,4, ,
0, ,4, ,
0, ,4, ,
0, ,4, ,
0, ,4, ,
0, ,4, ,
0, ,4, ,
0, ,4, ,
0, ,4, ,
0, ,4, ,
0, ,4, ,
0, ,4, ,
0, ,4, ,
0, ,4, ,
0, ,4, ,
0, ,4, ,
0, ,4, ,
0, ,4, ,
0, ,4, ,
0, ,4, ,
0, ,4, ,
0, ,4, ,
0, ,4, ,
0, ,4, ,
0, ,4, ,
0, ,4, ,
0, ,4, ,
0, ,4, ,
0, ,4, ,
0, ,4, ,
0, ,4, ,
0, ,4, ,
0, ,4, ,
0, ,4, ,
0, ,4, ,
0, ,4, ,
0, ,4, ,
0, ,4, ,
0, ,4, ,
0, ,4, ,
0, ,4, ,
0, ,4, ,
0, ,4, ,
0, ,4, ,
0, ,4, ,
0, ,4, ,
0, ,4, ,
0, ,4, ,
0, ,4, ,
0, ,4, ,
0, ,4, ,
0, ,4, ,
0, ,4, ,
0, ,4, ,
0, ,4, ,
0, ,4, ,
0, ,4, ,
0, ,4, ,
0, ,4, ,
0, ,4, ,
0, ,4, ,
0, ,4, ,
0, ,4, ,
0, ,4, ,
0, ,4, ,
0, ,4, ,
0, ,4, ,
0, ,4, ,
0, ,4, ,
0, ,4, ,
0, ,4, ,
0, ,4, ,
0, ,4, ,
0, ,4, ,
0, ,4, ,
0, ,4, ,
0, ,4, ,
0, ,4, ,
0, ,4, ,
0, ,4, ,
0, ,4, ,
0, ,4, ,
0, ,4, ,
0, ,4, ,
0, ,4, ,
0, ,4, ,
0, ,4, ,
0, ,4, ,
0, ,4, ,
0, ,4, ,
0, ,4, ,
0, ,4, ,
0, ,4, ,
0, ,4, ,
0, ,4, ,
0, ,4, ,
0, ,4, ,
0, ,4, ,
0, ,4, ,
0, ,4, ,
0, ,4, ,
0, ,4, ,
0, ,4, ,
0, ,4, ,
0, ,4, ,
0, ,4, ,
0, ,4, ,
0, ,4, ,
0, ,4, ,
0, ,4, ,
0, ,4, ,
0, ,4, ,
0, ,4, ,
0, ,4, ,
0, ,4, ,
0, ,4, ,
0, ,4, ,
0, ,4, ,
0, ,4, ,
0, ,4, ,
0, ,4, ,
0, ,4, ,
0, ,4, ,
0, ,4, ,
0, ,4, ,
0, ,4, ,
0, ,4, ,
0, ,4, ,
0, ,4, ,
0, ,4, ,
0, ,4, ,
0, ,4, ,
0, ,4, ,
0, ,4, ,
0, ,4, ,
0, ,4, ,
0, ,4, ,
0, ,4, ,
0, ,4, ,
0, ,4, ,
0, ,4, ,
0, ,4, ,
0, ,4, ,
0, ,4, ,
0, ,4, ,
0, ,4, ,
0, ,4, ,
0, ,4, ,
0, ,4, ,
0, ,4, ,
0, ,4, ,
0, ,4, ,
0, ,4, ,
0, ,4, ,
0, ,4, ,
0, ,4, ,
0, ,4, ,
0, ,4, ,
0, ,4, ,
0, ,4, ,
0, ,4, ,
0, ,4, ,
0, ,4, ,
0, ,4, ,
0, ,4, ,
0, ,4, ,
0, ,4, ,
0, ,4, ,
0, ,4, ,
0, ,4, ,
0, ,4, ,
0, ,4, ,
0, ,4, ,
0, ,4, ,
0, ,4, ,
0, ,4, ,
0, ,4, ,
0, ,4, ,
0, ,4, ,
0, ,4, ,
0, ,4, ,
0, ,4, ,
0, ,4, ,
0, ,4, ,
0, ,4, ,
0, ,4, ,
0, ,4, ,
0, ,4, ,
0, ,4, ,
0, ,4, ,
0, ,4, ,
0, ,4, ,
0, ,4, ,
0, ,4, ,
0, ,4, ,
0, ,4, ,
0, ,4, ,
0, ,4, ,
0, ,4, ,
0, ,4, ,
0, ,4, ,
0, ,4, ,
0, ,4, ,
0, ,4, ,
0, ,4, ,
0, ,4, ,
0, ,4, ,
0, ,4, ,
0, ,4, ,
0, ,4, ,
0, ,4, ,
0, ,4, ,
0, ,4, ,
0, ,4, ,
0, ,4, ,
0, ,4, ,
0, ,4, ,
0, ,4, ,
0, ,4, ,
0, ,4, ,
0, ,4, ,
0, ,4, ,
0, ,4, ,
0, ,4, ,
0, ,4, ,
0, ,4, ,
0, ,4, ,
0, ,4, ,
0, ,4, ,
0, ,4, ,
0, ,4, ,
0, ,4, ,
0, ,4, ,
0, ,4, ,
0, ,4, ,
0, ,4, ,
0, ,4, ,
0, ,4, ,
0, ,4, ,
0, ,4, ,
0, ,4, ,
0, ,4, ,
0, ,4, ,
0, ,4, ,
0, ,4, ,
0, ,4, ,
0, ,4, ,
0, ,4, ,
0, ,4, ,
0, ,4, ,
0, ,4, ,
0, ,4, ,
0, ,4, ,
0, ,4, ,
0, ,4, ,
0, ,4, ,
0, ,4, ,
0, ,4, ,
0, ,4, ,
0, ,4, ,
0, ,4, ,
0, ,4, ,
0, ,4, ,
0, ,4, ,
0, ,4, ,
0, ,4, ,
0, ,4, ,
0, ,4, ,
0, ,4, ,
0, ,4, ,
0, ,4, ,
0, ,4, ,
0, ,4, ,
0, ,4, ,
0, ,4, ,
0, ,4, ,
0, ,4, ,
0, ,4, ,
0, ,4, ,
0, ,4, ,
0, ,4, ,
0, ,4, ,
0, ,4, ,
0, ,4, ,
0, ,4, ,
0, ,4, ,
0, ,4, ,
0, ,4, ,
0, ,4, ,
0, ,4, ,
0, ,4, ,
0, ,4, ,
0, ,4, ,
0, ,4, ,
0, ,4, ,
0, ,4, ,
0, ,4, ,
0, ,4, ,
0, ,4, ,
0, ,4, ,
0, ,4, ,
0, ,4, ,
0, ,4, ,
0, ,4, ,
0, ,4, ,
0, ,4, ,
0, ,4, ,
0, ,4, ,
0, ,4, ,
0, ,4, ,
0, ,4, ,
0, ,4, ,
0, ,4, ,
0, ,4, ,
0, ,4, ,
0, ,4, ,
0, ,4, ,
0, ,4, ,
0, ,4, ,
0, ,4, ,
0, ,4, ,
0, ,4, ,
0, ,4, ,
0, ,4, ,
0, ,4, ,
0, ,4, ,
0, ,4, ,
0, ,4, ,
0, ,4, ,
0, ,4, ,
0, ,4, ,
0, ,4, ,
0, ,4, ,
0, ,4, ,
0, ,4, ,
0, ,4, ,
0, ,4, ,
0, ,4, ,
0, ,4, ,
0, ,4, ,
0, ,4, ,
0, ,4, ,
0, ,4, ,
0, ,4, ,
0, ,4, ,
0, ,4, ,
0, ,4, ,
0, ,4, ,
0, ,4, ,
0, ,4, ,
0, ,4, ,
0, ,4, ,
0, ,4, ,
0, ,4, ,
0, ,4, ,
0, ,4, ,
0, ,4, ,
0, ,4, ,
0, ,4, ,
0, ,4, ,
0, ,4, ,
0, ,4, ,
0, ,4, ,
0, ,4, ,
0, ,4, ,
0, ,4, ,
0, ,4, ,
0, ,4, ,
0, ,4, ,
0, ,4, ,
0, ,4, ,
0, ,4, ,
0, ,4, ,
0, ,4, ,
0, ,4, ,
0, ,4, ,
0, ,4, ,
0, ,4, ,
0, ,4, ,
0, ,4, ,
0, ,4, ,
0, ,4, ,
0, ,4, ,
0, ,4, ,
0, ,4, ,
0, ,4, ,
0, ,4, ,
0, ,4, ,
0, ,4, ,
0, ,4, ,
0, ,4, ,
0, ,4, ,
0, ,4, ,
0, ,4, ,
0, ,4, ,
0, ,4, ,
0, ,4, ,
0, ,4, ,
0, ,4, ,
0, ,4, ,
0, ,4, ,
0, ,4, ,
0, ,4, ,
0, ,4, ,
0, ,4, ,
0, ,4, ,
0, ,4, ,
0, ,4, ,
0, ,4, ,
0, ,4, ,
0, ,4, ,
0, ,4, ,
0, ,4, ,
0, ,4, ,
0, ,4, ,
0, ,4, ,
0, ,4, ,
0, ,4, ,
0, ,4, ,
0, ,4, ,
0, ,4, ,
0, ,4, ,
0, ,4, ,
0, ,4, ,
0, ,4, ,
0, ,4, ,
0, ,4, ,
0, ,4, ,
0, ,4, ,
0, ,4, ,
0, ,4, ,
0, ,4, ,
0, ,4, ,
0, ,4, ,
0, ,4, ,
0, ,4, ,
0, ,4, ,
0, ,4, ,
0, ,4, ,
0, ,4, ,
0, ,4, ,
0, ,4, ,
0, ,4, ,
0, ,4, ,
0, ,4, ,
0, ,4, ,
0, ,4, ,
0, ,4, ,
0, ,4, ,
0, ,4, ,
0, ,4, ,
0, ,4, ,
0, ,4, ,
0, ,4, ,
0, ,4, ,
0, ,4, ,
0, ,4, ,
0, ,4, ,
0, ,4, ,
0, ,4, ,
0, ,4, ,
0, ,4, ,
0, ,4, ,
0, ,4, ,
0, ,4, ,
0, ,4, ,
0, ,4, ,
0, ,4, ,
0, ,4, ,
0, ,4, ,
0, ,4, ,
0, ,4, ,
0, ,4, ,
0, ,4, ,
0, ,4, ,
0, ,4, ,
0, ,4, ,
0, ,4, ,
0, ,4, ,
0, ,4, ,
0, ,4, ,
0, ,4, ,
0, ,4, ,
0, ,4, ,
0, ,4, ,
0, ,4, ,
0, ,4, ,
0, ,4, ,
0, ,4, ,
0, ,4, ,
0, ,4, ,
0, ,4, ,
0, ,4, ,
0, ,4, ,
0, ,4, ,
0, ,4, ,
0, ,4, ,
0, ,4, ,
0, ,4, ,
0, ,4, ,
0, ,4, ,
0, ,4, ,
0, ,4, ,
0, ,4, ,
0, ,4, ,
0, ,4, ,
0, ,4, ,
0, ,4, ,
0, ,4, ,
0, ,4, ,
0, ,4, ,
0, ,4, ,
0, ,4, ,
0, ,4, ,
0, ,4, ,
0, ,4, ,
0, ,4, ,
0, ,4, ,
0, ,4, ,
0, ,4, ,
0, ,4, ,
0, ,4, ,
0, ,4, ,
0, ,4, ,
0, ,4, ,
0, ,4, ,
0, ,4, ,
0, ,4, ,
0, ,4, ,
0, ,4, ,
0, ,4, ,
0, ,4, ,
0, ,4, ,
0, ,4, ,
0, ,4, ,
0, ,4, ,
0, ,4, ,
0, ,4, ,
0, ,4, ,
0, ,4, ,
0, ,4, ,
0, ,4, ,
0, ,4, ,
0, ,4, ,
0, ,4, ,
0, ,4, ,
0, ,4, ,
0, ,4, ,
0, ,4, ,
0, ,4, ,
0, ,4, ,
0, ,4, ,
0, ,4, ,
0, ,4, ,
0, ,4, ,
0, ,4, ,
0, ,4, ,
0, ,4, ,
0, ,4, ,
0, ,4, ,
0, ,4, ,
0, ,4, ,
0, ,4, ,
0, ,4, ,
0, ,4, ,
0, ,4, ,
0, ,4, ,
0, ,4, ,
0, ,4, ,
0, ,4, ,
0, ,4, ,
0, ,4, ,
0, ,4, ,
0, ,4, ,
0, ,4, ,
0, ,4, ,
0, ,4, ,
0, ,4, ,
0, ,4, ,
0, ,4, ,
0, ,4, ,
0, ,4, ,
0, ,4, ,
0, ,4, ,
0, ,4, ,
0, ,4, ,
0, ,4, ,
0, ,4, ,
0, ,4, ,
0, ,4, ,
0, ,4, ,
0, ,4, ,
0, ,4, ,
0, ,4, ,
0, ,4, ,
0, ,4, ,
0, ,4, ,
0, ,4, ,
0, ,4, ,
0, ,4, ,
0, ,4, ,
0, ,4, ,
0, ,4, ,
0, ,4, ,
0, ,4, ,
0, ,4, ,
0, ,4, ,
0, ,4, ,
0, ,4, ,
0, ,4, ,
0, ,4, ,
0, ,4, ,
0, ,4, ,
0, ,4, ,
0, ,4, ,
0, ,4, ,
0, ,4, ,
0, ,4, ,
0, ,4, ,
0, ,4, ,
0, ,4, ,
0, ,4, ,
0, ,4, ,
0, ,4, ,
0, ,4, ,
0, ,4, ,
0, ,4, ,
0, ,4, ,
0, ,4, ,
0, ,4, ,
0, ,4, ,
0, ,4, ,
0, ,4, ,
0, ,4, ,
0, ,4, ,
0, ,4, ,
0, ,4, ,
0, ,4, ,
0, ,4, ,
0, ,4, ,
0, ,4, ,
0, ,4, ,
0, ,4, ,
0, ,4, ,
0, ,4, ,
0, ,4, ,
0, ,4, ,
0, ,4, ,
0, ,4, ,
0, ,4, ,
0, ,4, ,
0, ,4, ,
0, ,4, ,
0, ,4, ,
0, ,4, ,
0, ,4, ,
0, ,4, ,
0, ,4, ,
0, ,4, ,
0, ,4, ,
0, ,4, ,
0, ,4, ,
0, ,4, ,
0, ,4, ,
0, ,4, ,
0, ,4, ,
0, ,4, ,
0, ,4, ,
0, ,4, ,
0, ,4, ,
0, ,4, ,
0, ,4, ,
0, ,4, ,
0, ,4, ,
0, ,4, ,
0, ,4, ,
0, ,4, ,
0, ,4, ,
